hei
Key params:
SOC_initial;50
FiT;70
FiT_extra;35
Budget;2e+07
C_PV;130
C_WT;1.2e+06
C_BAT;180000
﻿Scen;Prob;1
1;0,125;
2;0,125;
3;0,125;
4;0,125;
5;0,0625;
6;0,0625;
7;0,0625;
8;0,0625;
9;0,0625;
10;0,0625;
11;0,0625;
12;0,0625;
param1:
﻿ParamName;IR_PV;Description: ;Solar irradiation  for timestep t and scenario h [W/m^2] (Source:SatelLight);;;;;;;;;
t,h;1Wavg;2SPRavg;3SUMavg;4FAavg;1Whigh;2SPRhigh;3SUMhigh;4FAhigh;1Wlow;2SPRlow;3SUMlow;4FAlow
1;0;0;0;0;0;0;0;0;0;0;0;0
2;0;0;0;0;0;0;0;0;0;0;0;0
3;0;0;0;0;0;0;0;0;0;0;0;0
4;0;0;0;0;0;0;0;0;0;0;0;0
5;0;0;0;0;0;0;0;0;0;0;0;0
6;0;4;11;0;0;5;15;0;0;3;7;0
7;0;25;42;1;0;34;57;1;0;16;27;1
8;5;100;123;25;7;135;166;34;3;65;80;16
9;51;219;243;109;69;296;328;147;33;142;158;71
10;141;357;380;218;190;482;513;294;92;232;247;142
11;211;461;497;312;285;622;671;421;137;300;323;203
12;255;511;569;368;344;690;768;497;166;332;370;239
13;257;520;586;387;347;702;791;522;167;338;381;252
14;230;508;588;354;311;686;794;478;150;330;382;230
15;173;466;558;299;234;629;753;404;112;303;363;194
16;89;388;484;219;120;524;653;296;58;252;315;142
17;24;296;395;136;32;400;533;184;16;192;257;88
18;2;190;281;71;3;257;379;96;1;124;183;46
19;0;92;165;21;0;124;223;28;0;60;107;14
20;0;28;67;2;0;38;90;3;0;18;44;1
21;0;5;20;0;0;7;27;0;0;3;13;0
22;0;0;2;0;0;0;3;0;0;0;1;0
23;0;0;0;0;0;0;0;0;0;0;0;0
24;0;0;0;0;0;0;0;0;0;0;0;0
param2:
﻿Param;W_WT;Description: ;Wind velocity  for timestep t and scenario h [m/s];;;;;;;;;
t,h;1W;2SPR;3SUM;4FA;1Wlow;2SPRlow;3SUMlow;4FAlow;1Whigh;2SPRhigh;3SUMhigh;4FAhigh
1;11,31;14,01;4,02;9,02;7,35;9,11;2,61;5,87;15,27;18,91;5,43;12,18
2;12,17;11,56;5,07;7,70;7,91;7,52;3,29;5,01;16,43;15,61;6,84;10,40
3;10,47;14,86;5,07;9,71;6,81;9,66;3,29;6,31;14,14;20,06;6,84;13,11
4;11,31;14,01;5,07;11,86;7,35;9,11;3,29;7,71;15,27;18,91;6,84;16,01
5;12,17;10,02;6,19;9,71;7,91;6,52;4,02;6,31;16,43;13,53;8,35;13,11
6;11,31;6,51;5,07;9,02;7,35;4,23;3,29;5,87;15,27;8,79;6,84;12,18
7;10,47;8,56;5,62;11,86;6,81;5,56;3,65;7,71;14,14;11,55;7,58;16,01
8;12,17;7,86;7,38;9,71;7,91;5,11;4,80;6,31;16,43;10,60;9,97;13,11
9;10,47;5,87;8,01;9,02;6,81;3,82;5,21;5,87;14,14;7,93;10,81;12,18
10;11,31;7,17;9,98;9,02;7,35;4,66;6,49;5,87;15,27;9,68;13,47;12,18
11;11,31;5,87;10,67;11,86;7,35;3,82;6,93;7,71;15,27;7,93;14,40;16,01
12;8,09;6,51;12,09;9,02;5,26;4,23;7,86;5,87;10,93;8,79;16,32;12,18
13;8,09;5,25;12,82;9,71;5,26;3,41;8,33;6,31;10,93;7,09;17,31;13,11
14;10,47;3,54;12,82;11,86;6,81;2,30;8,33;7,71;14,14;4,78;17,31;16,01
15;10,47;7,17;10,67;11,13;6,81;4,66;6,93;7,23;14,14;9,68;14,40;15,02
16;8,09;5,87;9,98;9,71;5,26;3,82;6,49;6,31;10,93;7,93;13,47;13,11
17;6,63;7,17;10,67;9,71;4,31;4,66;6,93;6,31;8,94;9,68;14,40;13,11
18;9,66;5,87;10,67;7,70;6,28;3,82;6,93;5,01;13,04;7,93;14,40;10,40
19;11,31;6,51;5,07;6,46;7,35;4,23;3,29;4,20;15,27;8,79;6,84;8,72
20;10,47;10,78;4,02;6,46;6,81;7,01;2,61;4,20;14,14;14,56;5,43;8,72
21;11,31;13,18;4,02;5,28;7,35;8,56;2,61;3,44;15,27;17,79;5,43;7,13
22;11,31;13,18;5,62;5,28;7,35;8,56;3,65;3,44;15,27;17,79;7,58;7,13
23;10,47;14,01;4,53;5,28;6,81;9,11;2,95;3,44;14,14;18,91;6,12;7,13
24;12,17;13,18;4,02;7,70;7,91;8,56;2,61;5,01;16,43;17,79;5,43;10,40
param3:
Param;OC_GRID;Description;Grid price  for timestep t and scenario h [MW/m^2];;;;;;;;;
t,h;W;Spr;Sum;Fall;W;Spr;Sum;Fall;W;Spr;Sum;Fall
1;41;27;26;33;41;27;26;33;41;27;26;33
2;39;25;25;31;39;25;25;31;39;25;25;31
3;37;23;23;29;37;23;23;29;37;23;23;29
4;35;22;22;28;35;22;22;28;35;22;22;28
5;36;23;23;29;36;23;23;29;36;23;23;29
6;40;26;26;33;40;26;26;33;40;26;26;33
7;52;40;34;43;52;40;34;43;52;40;34;43
8;66;51;44;54;66;51;44;54;66;51;44;54
9;69;52;47;57;69;52;47;57;69;52;47;57
10;65;49;44;54;65;49;44;54;65;49;44;54
11;61;46;41;51;61;46;41;51;61;46;41;51
12;60;46;40;50;60;46;40;50;60;46;40;50
13;56;43;38;46;56;43;38;46;56;43;38;46
14;54;42;37;45;54;42;37;45;54;42;37;45
15;53;42;36;45;53;42;36;45;53;42;36;45
16;54;43;37;45;54;43;37;45;54;43;37;45
17;56;44;39;47;56;44;39;47;56;44;39;47
18;64;50;44;53;64;50;44;53;64;50;44;53
19;70;54;47;58;70;54;47;58;70;54;47;58
20;71;55;47;58;71;55;47;58;71;55;47;58
21;64;50;42;52;64;50;42;52;64;50;42;52
22;57;44;38;46;57;44;38;46;57;44;38;46
23;52;40;35;43;52;40;35;43;52;40;35;43
24;44;33;29;36;44;33;29;36;44;33;29;36
param4:
﻿Param;L_DEM;Description: ;Solar irradiation  for timestep t and scenario h [MW/m^2];;;;;;;;;
t,h;W;Spr;Sum;Fall;W;Spr;Sum;Fall;W;Spr;Sum;Fall
1;3,93;3,07;2,53;2,97;3,93;3,07;2,53;2,97;3,93;3,07;2,53;2,97
2;3,86;3,00;2,49;2,89;3,86;3,00;2,49;2,89;3,86;3,00;2,49;2,89
3;3,78;2,93;2,45;2,83;3,78;2,93;2,45;2,83;3,78;2,93;2,45;2,83
4;3,70;2,91;2,48;2,86;3,70;2,91;2,48;2,86;3,70;2,91;2,48;2,86
5;3,58;3,17;2,81;3,16;3,58;3,17;2,81;3,16;3,58;3,17;2,81;3,16
6;3,61;3,66;3,32;3,68;3,61;3,66;3,32;3,68;3,61;3,66;3,32;3,68
7;3,96;4,00;3,68;4,04;3,96;4,00;3,68;4,04;3,96;4,00;3,68;4,04
8;4,41;4,19;3,89;4,22;4,41;4,19;3,89;4,22;4,41;4,19;3,89;4,22
9;4,68;4,28;3,97;4,33;4,68;4,28;3,97;4,33;4,68;4,28;3,97;4,33
10;4,93;4,31;4,02;4,37;4,93;4,31;4,02;4,37;4,93;4,31;4,02;4,37
11;5,04;4,31;4,03;4,39;5,04;4,31;4,03;4,39;5,04;4,31;4,03;4,39
12;5,09;4,25;3,97;4,34;5,09;4,25;3,97;4,34;5,09;4,25;3,97;4,34
13;5,11;4,19;3,91;4,29;5,11;4,19;3,91;4,29;5,11;4,19;3,91;4,29
14;5,06;4,14;3,88;4,26;5,06;4,14;3,88;4,26;5,06;4,14;3,88;4,26
15;5,03;4,18;3,94;4,35;5,03;4,18;3,94;4,35;5,03;4,18;3,94;4,35
16;5,04;4,26;3,97;4,57;5,04;4,26;3,97;4,57;5,04;4,26;3,97;4,57
17;5,31;4,25;3,85;4,72;5,31;4,25;3,85;4,72;5,31;4,25;3,85;4,72
18;5,58;4,29;3,72;4,68;5,58;4,29;3,72;4,68;5,58;4,29;3,72;4,68
19;5,52;4,29;3,63;4,47;5,52;4,29;3,63;4,47;5,52;4,29;3,63;4,47
20;5,29;4,15;3,60;4,18;5,29;4,15;3,60;4,18;5,29;4,15;3,60;4,18
21;5,01;3,82;3,42;3,80;5,01;3,82;3,42;3,80;5,01;3,82;3,42;3,80
22;4,66;3,41;3,03;3,40;4,66;3,41;3,03;3,40;4,66;3,41;3,03;3,40
23;4,29;3,09;2,74;3,09;4,29;3,09;2,74;3,09;4,29;3,09;2,74;3,09
24;3,94;3,10;2,62;3,05;3,94;3,10;2,62;3,05;3,94;3,10;2,62;3,05
-------printing data---------
prob: scen 1 0.125
scen 2 0.125
scen 3 0.125
scen 4 0.125
scen 5 0.0625
scen 6 0.0625
scen 7 0.0625
scen 8 0.0625
scen 9 0.0625
scen 10 0.0625
scen 11 0.0625
scen 12 0.0625
Param: IR_PV
 scen: 1
 0  0  0  0  0  0  0  5  51  141  211  255  257  230  173  89  24  2  0  0  0  0  0  0 
 scen: 2
 0  0  0  0  0  4  25  100  219  357  461  511  520  508  466  388  296  190  92  28  5  0  0  0 
 scen: 3
 0  0  0  0  0  11  42  123  243  380  497  569  586  588  558  484  395  281  165  67  20  2  0  0 
 scen: 4
 0  0  0  0  0  0  1  25  109  218  312  368  387  354  299  219  136  71  21  2  0  0  0  0 
 scen: 5
 0  0  0  0  0  0  0  7  69  190  285  344  347  311  234  120  32  3  0  0  0  0  0  0 
 scen: 6
 0  0  0  0  0  5  34  135  296  482  622  690  702  686  629  524  400  257  124  38  7  0  0  0 
 scen: 7
 0  0  0  0  0  15  57  166  328  513  671  768  791  794  753  653  533  379  223  90  27  3  0  0 
 scen: 8
 0  0  0  0  0  0  1  34  147  294  421  497  522  478  404  296  184  96  28  3  0  0  0  0 
 scen: 9
 0  0  0  0  0  0  0  3  33  92  137  166  167  150  112  58  16  1  0  0  0  0  0  0 
 scen: 10
 0  0  0  0  0  3  16  65  142  232  300  332  338  330  303  252  192  124  60  18  3  0  0  0 
 scen: 11
 0  0  0  0  0  7  27  80  158  247  323  370  381  382  363  315  257  183  107  44  13  1  0  0 
 scen: 12
 0  0  0  0  0  0  1  16  71  142  203  239  252  230  194  142  88  46  14  1  0  0  0  0 
Param: L_DEM
 scen: 1
 3.93  3.86  3.78  3.7  3.58  3.61  3.96  4.41  4.68  4.93  5.04  5.09  5.11  5.06  5.03  5.04  5.31  5.58  5.52  5.29  5.01  4.66  4.29  3.94 
 scen: 2
 3.07  3  2.93  2.91  3.17  3.66  4  4.19  4.28  4.31  4.31  4.25  4.19  4.14  4.18  4.26  4.25  4.29  4.29  4.15  3.82  3.41  3.09  3.1 
 scen: 3
 2.53  2.49  2.45  2.48  2.81  3.32  3.68  3.89  3.97  4.02  4.03  3.97  3.91  3.88  3.94  3.97  3.85  3.72  3.63  3.6  3.42  3.03  2.74  2.62 
 scen: 4
 2.97  2.89  2.83  2.86  3.16  3.68  4.04  4.22  4.33  4.37  4.39  4.34  4.29  4.26  4.35  4.57  4.72  4.68  4.47  4.18  3.8  3.4  3.09  3.05 
 scen: 5
 3.93  3.86  3.78  3.7  3.58  3.61  3.96  4.41  4.68  4.93  5.04  5.09  5.11  5.06  5.03  5.04  5.31  5.58  5.52  5.29  5.01  4.66  4.29  3.94 
 scen: 6
 3.07  3  2.93  2.91  3.17  3.66  4  4.19  4.28  4.31  4.31  4.25  4.19  4.14  4.18  4.26  4.25  4.29  4.29  4.15  3.82  3.41  3.09  3.1 
 scen: 7
 2.53  2.49  2.45  2.48  2.81  3.32  3.68  3.89  3.97  4.02  4.03  3.97  3.91  3.88  3.94  3.97  3.85  3.72  3.63  3.6  3.42  3.03  2.74  2.62 
 scen: 8
 2.97  2.89  2.83  2.86  3.16  3.68  4.04  4.22  4.33  4.37  4.39  4.34  4.29  4.26  4.35  4.57  4.72  4.68  4.47  4.18  3.8  3.4  3.09  3.05 
 scen: 9
 3.93  3.86  3.78  3.7  3.58  3.61  3.96  4.41  4.68  4.93  5.04  5.09  5.11  5.06  5.03  5.04  5.31  5.58  5.52  5.29  5.01  4.66  4.29  3.94 
 scen: 10
 3.07  3  2.93  2.91  3.17  3.66  4  4.19  4.28  4.31  4.31  4.25  4.19  4.14  4.18  4.26  4.25  4.29  4.29  4.15  3.82  3.41  3.09  3.1 
 scen: 11
 2.53  2.49  2.45  2.48  2.81  3.32  3.68  3.89  3.97  4.02  4.03  3.97  3.91  3.88  3.94  3.97  3.85  3.72  3.63  3.6  3.42  3.03  2.74  2.62 
 scen: 12
 2.97  2.89  2.83  2.86  3.16  3.68  4.04  4.22  4.33  4.37  4.39  4.34  4.29  4.26  4.35  4.57  4.72  4.68  4.47  4.18  3.8  3.4  3.09  3.05 
Param: OC_GRID
 scen: 1
 41  39  37  35  36  40  52  66  69  65  61  60  56  54  53  54  56  64  70  71  64  57  52  44 
 scen: 2
 27  25  23  22  23  26  40  51  52  49  46  46  43  42  42  43  44  50  54  55  50  44  40  33 
 scen: 3
 26  25  23  22  23  26  34  44  47  44  41  40  38  37  36  37  39  44  47  47  42  38  35  29 
 scen: 4
 33  31  29  28  29  33  43  54  57  54  51  50  46  45  45  45  47  53  58  58  52  46  43  36 
 scen: 5
 41  39  37  35  36  40  52  66  69  65  61  60  56  54  53  54  56  64  70  71  64  57  52  44 
 scen: 6
 27  25  23  22  23  26  40  51  52  49  46  46  43  42  42  43  44  50  54  55  50  44  40  33 
 scen: 7
 26  25  23  22  23  26  34  44  47  44  41  40  38  37  36  37  39  44  47  47  42  38  35  29 
 scen: 8
 33  31  29  28  29  33  43  54  57  54  51  50  46  45  45  45  47  53  58  58  52  46  43  36 
 scen: 9
 41  39  37  35  36  40  52  66  69  65  61  60  56  54  53  54  56  64  70  71  64  57  52  44 
 scen: 10
 27  25  23  22  23  26  40  51  52  49  46  46  43  42  42  43  44  50  54  55  50  44  40  33 
 scen: 11
 26  25  23  22  23  26  34  44  47  44  41  40  38  37  36  37  39  44  47  47  42  38  35  29 
 scen: 12
 33  31  29  28  29  33  43  54  57  54  51  50  46  45  45  45  47  53  58  58  52  46  43  36 
Param: W_WT
 scen: 1
 11.31  12.17  10.47  11.31  12.17  11.31  10.47  12.17  10.47  11.31  11.31  8.09  8.09  10.47  10.47  8.09  6.63  9.66  11.31  10.47  11.31  11.31  10.47  12.17 
 scen: 2
 14.01  11.56  14.86  14.01  10.02  6.51  8.56  7.86  5.87  7.17  5.87  6.51  5.25  3.54  7.17  5.87  7.17  5.87  6.51  10.78  13.18  13.18  14.01  13.18 
 scen: 3
 4.02  5.07  5.07  5.07  6.19  5.07  5.62  7.38  8.01  9.98  10.67  12.09  12.82  12.82  10.67  9.98  10.67  10.67  5.07  4.02  4.02  5.62  4.53  4.02 
 scen: 4
 9.02  7.7  9.71  11.86  9.71  9.02  11.86  9.71  9.02  9.02  11.86  9.02  9.71  11.86  11.13  9.71  9.71  7.7  6.46  6.46  5.28  5.28  5.28  7.7 
 scen: 5
 7.35  7.91  6.81  7.35  7.91  7.35  6.81  7.91  6.81  7.35  7.35  5.26  5.26  6.81  6.81  5.26  4.31  6.28  7.35  6.81  7.35  7.35  6.81  7.91 
 scen: 6
 9.11  7.52  9.66  9.11  6.52  4.23  5.56  5.11  3.82  4.66  3.82  4.23  3.41  2.3  4.66  3.82  4.66  3.82  4.23  7.01  8.56  8.56  9.11  8.56 
 scen: 7
 2.61  3.29  3.29  3.29  4.02  3.29  3.65  4.8  5.21  6.49  6.93  7.86  8.33  8.33  6.93  6.49  6.93  6.93  3.29  2.61  2.61  3.65  2.95  2.61 
 scen: 8
 5.87  5.01  6.31  7.71  6.31  5.87  7.71  6.31  5.87  5.87  7.71  5.87  6.31  7.71  7.23  6.31  6.31  5.01  4.2  4.2  3.44  3.44  3.44  5.01 
 scen: 9
 15.27  16.43  14.14  15.27  16.43  15.27  14.14  16.43  14.14  15.27  15.27  10.93  10.93  14.14  14.14  10.93  8.94  13.04  15.27  14.14  15.27  15.27  14.14  16.43 
 scen: 10
 18.91  15.61  20.06  18.91  13.53  8.79  11.55  10.6  7.93  9.68  7.93  8.79  7.09  4.78  9.68  7.93  9.68  7.93  8.79  14.56  17.79  17.79  18.91  17.79 
 scen: 11
 5.43  6.84  6.84  6.84  8.35  6.84  7.58  9.97  10.81  13.47  14.4  16.32  17.31  17.31  14.4  13.47  14.4  14.4  6.84  5.43  5.43  7.58  6.12  5.43 
 scen: 12
 12.18  10.4  13.11  16.01  13.11  12.18  16.01  13.11  12.18  12.18  16.01  12.18  13.11  16.01  15.02  13.11  13.11  10.4  8.72  8.72  7.13  7.13  7.13  10.4 
Discrete Sets of technologies:
Tech 1: 
0	8000	16000	24000	32000	40000	48000	56000	64000	72000	
Tech 2: 
0	2	4	6	8	10	12	14	16	18	
Tech 3: 


-- Discretization performed.. --
-- 2nd stage varaiables declared.. --
 CRF+xi = 0.122649
 CRF+xi = 0.137185
 CRF+xi = 0.122649
 CRF+xi = 0.137185
 CRF+xi = 0.122649
 CRF+xi = 0.137185
 CRF+xi = 0.122649
 CRF+xi = 0.137185
 CRF+xi = 0.122649
 CRF+xi = 0.137185
 CRF+xi = 0.122649
 CRF+xi = 0.137185
 CRF+xi = 0.122649
 CRF+xi = 0.137185
 CRF+xi = 0.122649
 CRF+xi = 0.137185
 CRF+xi = 0.122649
 CRF+xi = 0.137185
 CRF+xi = 0.122649
 CRF+xi = 0.137185
 CRF+xi = 0.122649
 CRF+xi = 0.137185
 CRF+xi = 0.122649
 CRF+xi = 0.137185
-- Objective function set.. --
-- 1st stage constraints set.. --
-- 2nd stage constraints set.. --
-- Running program.. --

               Number of scenarios: 12

          Before Preprocessing: 

                         Variables: 1484

                          Complicating: 20
                                    Binary: 20
                                   Integer: 0
                                Continuous: 0

                              Recourse: 1464
                                    Binary: 0
                                   Integer: 0
                                Continuous: 1464

                       Constraints: 1190

                           First-stage: 2
                              Recourse: 1188

          After Preprocessing: 

                         Variables: 1496

                          Complicating: 20
                                    Binary: 20
                                Continuous: 0

                              Recourse: 1476
                                    Binary: 0
                                   Integer: 0
                                Continuous: 1476

                       Constraints: 1202

                           First-stage: 2
                                  Equality: 2
                                Inequality: 0

                              Recourse: 1200
                                  Equality: 888
                                Inequality: 312

                    Linear Constraints: 1202
                 Nonlinear Constraints: 0



Time for preprocessing: 0.04 seconds
         Reformulation: 0.00 seconds
        Simplification: 0.04 seconds
   Structure detection: 0.00 seconds

Cannot write full-space GAMS model when algorithm is NGBD

Running NGBD to solve the input problem


| It # |      LBD      |     UBDPB     |      UBD      | Gap % |  Solver time  | Wall Clock time |
|     0|    -5.2104e+06|     2.7712e+06|               |  ---  |           0.00|             1.86|
|     1|    -2.6519e+06|               |               |  ---  |           0.01|             1.86|
|     2|    -5.9187e+05|     2.6605e+05|               |  ---  |           0.01|             1.87|
|     3|    -2.2871e+05|     1.2018e+03|               |  ---  |           0.02|             1.88|
|     4|    -1.1088e+05|    -7.2997e+04|               |  ---  |           0.03|             1.89|
|     5|    -3.5114e+04|               |               |  ---  |           0.03|             1.90|
|      |    -3.5114e+04|               |    -7.2997e+04|0.00000|           0.03|             1.91|
|      |    -3.5114e+04|    -6.4085e+04|               |0.00000|           0.03|             1.91|

Number of iterations: 6
Final LBD: -3.5114e+04
Final UBD: -7.2997e+04
Final UBDPB: -6.4085e+04
Final Relative Gap: 0.0000e+00

PP Calls: 1
PBP Calls: 6
FP Calls: 1
RMP Calls: 6
FBBT Calls: 0
OBBT Calls: 0

Model set up + generation time: 1.85

Total Solver Time: 0.03
PP Solver Time: 0.00
PBP Solver Time: 0.01
FP Solver Time: 0.00
RMP Solver Time: 0.02
IG Solver Time: 0.00
FBBT Solver Time: 0.00
OBBT Solver Time: 0.00

Total Wall Time: 1.91
PP Wall Time: 0.00
PBP Wall Time: 0.03
FP Wall Time: 0.01
RMP Wall Time: 0.02
IG Wall Time: 0.00
FBBT Wall Time: 0.00
OBBT Wall Time: 0.00

Best found solution: 
z_b[1][1] = 0.0000
z_b[1][2] = 0.0000
z_b[1][3] = 0.0000
z_b[1][4] = 0.0000
z_b[1][5] = 0.0000
z_b[1][6] = 1.0000
z_b[1][7] = 0.0000
z_b[1][8] = 0.0000
z_b[1][9] = 0.0000
z_b[1][10] = 0.0000
z_b[2][1] = 0.0000
z_b[2][2] = 0.0000
z_b[2][3] = 0.0000
z_b[2][4] = 0.0000
z_b[2][5] = 0.0000
z_b[2][6] = 0.0000
z_b[2][7] = 1.0000
z_b[2][8] = 0.0000
z_b[2][9] = 0.0000
z_b[2][10] = 0.0000
f_renewables[1][1] = 3.9300
f_PV[1][1] = -0.0000
f_WT[1][1] = 6.1913
f_grid_export[1][1] = 2.2613
f_grid_import[1][1] = 0.0000
f_renewables[1][2] = 3.0700
f_PV[1][2] = -0.0000
f_WT[1][2] = 12.0000
f_grid_export[1][2] = 8.9300
f_grid_import[1][2] = 0.0000
f_renewables[1][3] = 0.0043
f_PV[1][3] = -0.0000
f_WT[1][3] = 0.0043
f_grid_export[1][3] = 0.0000
f_grid_import[1][3] = 2.5257
f_renewables[1][4] = 2.9700
f_PV[1][4] = -0.0000
f_WT[1][4] = 2.9994
f_grid_export[1][4] = 0.0294
f_grid_import[1][4] = 0.0000
f_renewables[1][5] = 1.4913
f_PV[1][5] = -0.0000
f_WT[1][5] = 1.4913
f_grid_export[1][5] = 0.0000
f_grid_import[1][5] = 2.4387
f_renewables[1][6] = 3.0700
f_PV[1][6] = -0.0000
f_WT[1][6] = 3.0988
f_grid_export[1][6] = 0.0288
f_grid_import[1][6] = 0.0000
f_renewables[1][7] = -0.0000
f_PV[1][7] = -0.0000
f_WT[1][7] = -0.0000
f_grid_export[1][7] = -0.0000
f_grid_import[1][7] = 2.5300
f_renewables[1][8] = 0.6191
f_PV[1][8] = -0.0000
f_WT[1][8] = 0.6191
f_grid_export[1][8] = 0.0000
f_grid_import[1][8] = 2.3509
f_renewables[1][9] = 3.9300
f_PV[1][9] = -0.0000
f_WT[1][9] = 12.0000
f_grid_export[1][9] = 8.0700
f_grid_import[1][9] = 0.0000
f_renewables[1][10] = 3.0700
f_PV[1][10] = -0.0000
f_WT[1][10] = 12.0000
f_grid_export[1][10] = 8.9300
f_grid_import[1][10] = 0.0000
f_renewables[1][11] = 0.4303
f_PV[1][11] = -0.0000
f_WT[1][11] = 0.4303
f_grid_export[1][11] = 0.0000
f_grid_import[1][11] = 2.0997
f_renewables[1][12] = 2.9700
f_PV[1][12] = -0.0000
f_WT[1][12] = 7.8042
f_grid_export[1][12] = 4.8342
f_grid_import[1][12] = 0.0000
f_renewables[2][1] = 3.8600
f_PV[2][1] = -0.0000
f_WT[2][1] = 7.7843
f_grid_export[2][1] = 3.9243
f_grid_import[2][1] = 0.0000
f_renewables[2][2] = 3.0000
f_PV[2][2] = -0.0000
f_WT[2][2] = 6.6305
f_grid_export[2][2] = 3.6305
f_grid_import[2][2] = 0.0000
f_renewables[2][3] = 0.2970
f_PV[2][3] = -0.0000
f_WT[2][3] = 0.2970
f_grid_export[2][3] = 0.0000
f_grid_import[2][3] = 2.1930
f_renewables[2][4] = 1.7576
f_PV[2][4] = -0.0000
f_WT[2][4] = 1.7576
f_grid_export[2][4] = 0.0000
f_grid_import[2][4] = 1.1324
f_renewables[2][5] = 1.9295
f_PV[2][5] = -0.0000
f_WT[2][5] = 1.9295
f_grid_export[2][5] = 0.0000
f_grid_import[2][5] = 1.9305
f_renewables[2][6] = 1.6176
f_PV[2][6] = -0.0000
f_WT[2][6] = 1.6176
f_grid_export[2][6] = 0.0000
f_grid_import[2][6] = 1.3824
f_renewables[2][7] = -0.0000
f_PV[2][7] = -0.0000
f_WT[2][7] = -0.0000
f_grid_export[2][7] = -0.0000
f_grid_import[2][7] = 2.4900
f_renewables[2][8] = 0.2765
f_PV[2][8] = -0.0000
f_WT[2][8] = 0.2765
f_grid_export[2][8] = 0.0000
f_grid_import[2][8] = 2.6135
f_renewables[2][9] = 3.8600
f_PV[2][9] = -0.0000
f_WT[2][9] = 12.0000
f_grid_export[2][9] = 8.1400
f_grid_import[2][9] = 0.0000
f_renewables[2][10] = 3.0000
f_PV[2][10] = -0.0000
f_WT[2][10] = 12.0000
f_grid_export[2][10] = 9.0000
f_grid_import[2][10] = 0.0000
f_renewables[2][11] = 1.1463
f_PV[2][11] = -0.0000
f_WT[2][11] = 1.1463
f_grid_export[2][11] = 0.0000
f_grid_import[2][11] = 1.3437
f_renewables[2][12] = 2.8900
f_PV[2][12] = -0.0000
f_WT[2][12] = 4.7501
f_grid_export[2][12] = 1.8601
f_grid_import[2][12] = 0.0000
f_renewables[3][1] = 3.7800
f_PV[3][1] = -0.0000
f_WT[3][1] = 4.8525
f_grid_export[3][1] = 1.0725
f_grid_import[3][1] = 0.0000
f_renewables[3][2] = 2.9300
f_PV[3][2] = -0.0000
f_WT[3][2] = 12.0000
f_grid_export[3][2] = 9.0700
f_grid_import[3][2] = 0.0000
f_renewables[3][3] = 0.2970
f_PV[3][3] = -0.0000
f_WT[3][3] = 0.2970
f_grid_export[3][3] = 0.0000
f_grid_import[3][3] = 2.1530
f_renewables[3][4] = 2.8300
f_PV[3][4] = -0.0000
f_WT[3][4] = 3.8127
f_grid_export[3][4] = 0.9827
f_grid_import[3][4] = 0.0000
f_renewables[3][5] = 1.1276
f_PV[3][5] = -0.0000
f_WT[3][5] = 1.1276
f_grid_export[3][5] = 0.0000
f_grid_import[3][5] = 2.6524
f_renewables[3][6] = 2.9300
f_PV[3][6] = -0.0000
f_WT[3][6] = 3.7497
f_grid_export[3][6] = 0.8197
f_grid_import[3][6] = 0.0000
f_renewables[3][7] = -0.0000
f_PV[3][7] = -0.0000
f_WT[3][7] = -0.0000
f_grid_export[3][7] = -0.0000
f_grid_import[3][7] = 2.4500
f_renewables[3][8] = 0.8384
f_PV[3][8] = -0.0000
f_WT[3][8] = 0.8384
f_grid_export[3][8] = 0.0000
f_grid_import[3][8] = 1.9916
f_renewables[3][9] = 3.7800
f_PV[3][9] = -0.0000
f_WT[3][9] = 12.0000
f_grid_export[3][9] = 8.2200
f_grid_import[3][9] = 0.0000
f_renewables[3][10] = 2.9300
f_PV[3][10] = -0.0000
f_WT[3][10] = 12.0000
f_grid_export[3][10] = 9.0700
f_grid_import[3][10] = 0.0000
f_renewables[3][11] = 1.1463
f_PV[3][11] = -0.0000
f_WT[3][11] = 1.1463
f_grid_export[3][11] = 0.0000
f_grid_import[3][11] = 1.3037
f_renewables[3][12] = 2.8300
f_PV[3][12] = -0.0000
f_WT[3][12] = 9.8026
f_grid_export[3][12] = 6.9726
f_grid_import[3][12] = 0.0000
f_renewables[4][1] = 3.7000
f_PV[4][1] = -0.0000
f_WT[4][1] = 6.1913
f_grid_export[4][1] = 2.4913
f_grid_import[4][1] = 0.0000
f_renewables[4][2] = 2.9100
f_PV[4][2] = -0.0000
f_WT[4][2] = 12.0000
f_grid_export[4][2] = 9.0900
f_grid_import[4][2] = 0.0000
f_renewables[4][3] = 0.2970
f_PV[4][3] = -0.0000
f_WT[4][3] = 0.2970
f_grid_export[4][3] = 0.0000
f_grid_import[4][3] = 2.1830
f_renewables[4][4] = 2.8600
f_PV[4][4] = -0.0000
f_WT[4][4] = 7.1831
f_grid_export[4][4] = 4.3231
f_grid_import[4][4] = 0.0000
f_renewables[4][5] = 1.4913
f_PV[4][5] = -0.0000
f_WT[4][5] = 1.4913
f_grid_export[4][5] = 0.0000
f_grid_import[4][5] = 2.2087
f_renewables[4][6] = 2.9100
f_PV[4][6] = -0.0000
f_WT[4][6] = 3.0988
f_grid_export[4][6] = 0.1888
f_grid_import[4][6] = 0.0000
f_renewables[4][7] = -0.0000
f_PV[4][7] = -0.0000
f_WT[4][7] = -0.0000
f_grid_export[4][7] = -0.0000
f_grid_import[4][7] = 2.4800
f_renewables[4][8] = 1.7656
f_PV[4][8] = -0.0000
f_WT[4][8] = 1.7656
f_grid_export[4][8] = 0.0000
f_grid_import[4][8] = 1.0944
f_renewables[4][9] = 3.7000
f_PV[4][9] = -0.0000
f_WT[4][9] = 12.0000
f_grid_export[4][9] = 8.3000
f_grid_import[4][9] = 0.0000
f_renewables[4][10] = 2.9100
f_PV[4][10] = -0.0000
f_WT[4][10] = 12.0000
f_grid_export[4][10] = 9.0900
f_grid_import[4][10] = 0.0000
f_renewables[4][11] = 1.1463
f_PV[4][11] = -0.0000
f_WT[4][11] = 1.1463
f_grid_export[4][11] = 0.0000
f_grid_import[4][11] = 1.3337
f_renewables[4][12] = 2.8600
f_PV[4][12] = -0.0000
f_WT[4][12] = 12.0000
f_grid_export[4][12] = 9.1400
f_grid_import[4][12] = 0.0000
f_renewables[5][1] = 3.5800
f_PV[5][1] = -0.0000
f_WT[5][1] = 7.7843
f_grid_export[5][1] = 4.2043
f_grid_import[5][1] = 0.0000
f_renewables[5][2] = 3.1700
f_PV[5][2] = -0.0000
f_WT[5][2] = 4.2180
f_grid_export[5][2] = 1.0480
f_grid_import[5][2] = 0.0000
f_renewables[5][3] = 0.7754
f_PV[5][3] = -0.0000
f_WT[5][3] = 0.7754
f_grid_export[5][3] = 0.0000
f_grid_import[5][3] = 2.0346
f_renewables[5][4] = 3.1600
f_PV[5][4] = -0.0000
f_WT[5][4] = 3.8127
f_grid_export[5][4] = 0.6527
f_grid_import[5][4] = 0.0000
f_renewables[5][5] = 1.9295
f_PV[5][5] = -0.0000
f_WT[5][5] = 1.9295
f_grid_export[5][5] = 0.0000
f_grid_import[5][5] = 1.6505
f_renewables[5][6] = 0.9545
f_PV[5][6] = -0.0000
f_WT[5][6] = 0.9545
f_grid_export[5][6] = 0.0000
f_grid_import[5][6] = 2.2155
f_renewables[5][7] = 0.0043
f_PV[5][7] = -0.0000
f_WT[5][7] = 0.0043
f_grid_export[5][7] = 0.0000
f_grid_import[5][7] = 2.8057
f_renewables[5][8] = 0.8384
f_PV[5][8] = -0.0000
f_WT[5][8] = 0.8384
f_grid_export[5][8] = 0.0000
f_grid_import[5][8] = 2.3216
f_renewables[5][9] = 3.5800
f_PV[5][9] = -0.0000
f_WT[5][9] = 12.0000
f_grid_export[5][9] = 8.4200
f_grid_import[5][9] = 0.0000
f_renewables[5][10] = 3.1700
f_PV[5][10] = -0.0000
f_WT[5][10] = 10.8036
f_grid_export[5][10] = 7.6336
f_grid_import[5][10] = 0.0000
f_renewables[5][11] = 2.3202
f_PV[5][11] = -0.0000
f_WT[5][11] = 2.3202
f_grid_export[5][11] = 0.0000
f_grid_import[5][11] = 0.4898
f_renewables[5][12] = 3.1600
f_PV[5][12] = -0.0000
f_WT[5][12] = 9.8026
f_grid_export[5][12] = 6.6426
f_grid_import[5][12] = 0.0000
f_renewables[6][1] = 3.6100
f_PV[6][1] = -0.0000
f_WT[6][1] = 6.1913
f_grid_export[6][1] = 2.5813
f_grid_import[6][1] = 0.0000
f_renewables[6][2] = 0.9808
f_PV[6][2] = 0.0320
f_WT[6][2] = 0.9488
f_grid_export[6][2] = -0.0000
f_grid_import[6][2] = 2.6792
f_renewables[6][3] = 0.3850
f_PV[6][3] = 0.0880
f_WT[6][3] = 0.2970
f_grid_export[6][3] = -0.0000
f_grid_import[6][3] = 2.9350
f_renewables[6][4] = 2.9994
f_PV[6][4] = -0.0000
f_WT[6][4] = 2.9994
f_grid_export[6][4] = 0.0000
f_grid_import[6][4] = 0.6806
f_renewables[6][5] = 1.4913
f_PV[6][5] = -0.0000
f_WT[6][5] = 1.4913
f_grid_export[6][5] = 0.0000
f_grid_import[6][5] = 2.1187
f_renewables[6][6] = 0.0923
f_PV[6][6] = 0.0400
f_WT[6][6] = 0.0523
f_grid_export[6][6] = -0.0000
f_grid_import[6][6] = 3.5677
f_renewables[6][7] = 0.1200
f_PV[6][7] = 0.1200
f_WT[6][7] = -0.0000
f_grid_export[6][7] = -0.0000
f_grid_import[6][7] = 3.2000
f_renewables[6][8] = 0.6191
f_PV[6][8] = -0.0000
f_WT[6][8] = 0.6191
f_grid_export[6][8] = 0.0000
f_grid_import[6][8] = 3.0609
f_renewables[6][9] = 3.6100
f_PV[6][9] = -0.0000
f_WT[6][9] = 12.0000
f_grid_export[6][9] = 8.3900
f_grid_import[6][9] = 0.0000
f_renewables[6][10] = 2.7784
f_PV[6][10] = 0.0240
f_WT[6][10] = 2.7544
f_grid_export[6][10] = -0.0000
f_grid_import[6][10] = 0.8816
f_renewables[6][11] = 1.2023
f_PV[6][11] = 0.0560
f_WT[6][11] = 1.1463
f_grid_export[6][11] = -0.0000
f_grid_import[6][11] = 2.1177
f_renewables[6][12] = 3.6800
f_PV[6][12] = -0.0000
f_WT[6][12] = 7.8042
f_grid_export[6][12] = 4.1242
f_grid_import[6][12] = 0.0000
f_renewables[7][1] = 3.9600
f_PV[7][1] = -0.0000
f_WT[7][1] = 4.8525
f_grid_export[7][1] = 0.8925
f_grid_import[7][1] = 0.0000
f_renewables[7][2] = 2.7219
f_PV[7][2] = 0.2000
f_WT[7][2] = 2.5219
f_grid_export[7][2] = -0.0000
f_grid_import[7][2] = 1.2781
f_renewables[7][3] = 0.8442
f_PV[7][3] = 0.3360
f_WT[7][3] = 0.5082
f_grid_export[7][3] = -0.0000
f_grid_import[7][3] = 2.8358
f_renewables[7][4] = 4.0400
f_PV[7][4] = 0.0080
f_WT[7][4] = 7.1831
f_grid_export[7][4] = 3.1511
f_grid_import[7][4] = 0.0000
f_renewables[7][5] = 1.1276
f_PV[7][5] = -0.0000
f_WT[7][5] = 1.1276
f_grid_export[7][5] = 0.0000
f_grid_import[7][5] = 2.8324
f_renewables[7][6] = 0.7550
f_PV[7][6] = 0.2720
f_WT[7][6] = 0.4830
f_grid_export[7][6] = -0.0000
f_grid_import[7][6] = 3.2450
f_renewables[7][7] = 0.4560
f_PV[7][7] = 0.4560
f_WT[7][7] = -0.0000
f_grid_export[7][7] = -0.0000
f_grid_import[7][7] = 3.2240
f_renewables[7][8] = 1.7736
f_PV[7][8] = 0.0080
f_WT[7][8] = 1.7656
f_grid_export[7][8] = -0.0000
f_grid_import[7][8] = 2.2664
f_renewables[7][9] = 3.9600
f_PV[7][9] = -0.0000
f_WT[7][9] = 12.0000
f_grid_export[7][9] = 8.0400
f_grid_import[7][9] = 0.0000
f_renewables[7][10] = 4.0000
f_PV[7][10] = 0.1280
f_WT[7][10] = 6.6125
f_grid_export[7][10] = 2.7405
f_grid_import[7][10] = 0.0000
f_renewables[7][11] = 1.8795
f_PV[7][11] = 0.2160
f_WT[7][11] = 1.6635
f_grid_export[7][11] = -0.0000
f_grid_import[7][11] = 1.8005
f_renewables[7][12] = 4.0400
f_PV[7][12] = 0.0080
f_WT[7][12] = 12.0000
f_grid_export[7][12] = 7.9680
f_grid_import[7][12] = 0.0000
f_renewables[8][1] = 4.4100
f_PV[8][1] = 0.0400
f_WT[8][1] = 7.7843
f_grid_export[8][1] = 3.4143
f_grid_import[8][1] = 0.0000
f_renewables[8][2] = 2.6877
f_PV[8][2] = 0.8000
f_WT[8][2] = 1.8877
f_grid_export[8][2] = -0.0000
f_grid_import[8][2] = 1.5023
f_renewables[8][3] = 2.4972
f_PV[8][3] = 0.9840
f_WT[8][3] = 1.5132
f_grid_export[8][3] = -0.0000
f_grid_import[8][3] = 1.3928
f_renewables[8][4] = 4.0127
f_PV[8][4] = 0.2000
f_WT[8][4] = 3.8127
f_grid_export[8][4] = -0.0000
f_grid_import[8][4] = 0.2073
f_renewables[8][5] = 1.9855
f_PV[8][5] = 0.0560
f_WT[8][5] = 1.9295
f_grid_export[8][5] = -0.0000
f_grid_import[8][5] = 2.4245
f_renewables[8][6] = 1.3909
f_PV[8][6] = 1.0800
f_WT[8][6] = 0.3109
f_grid_export[8][6] = -0.0000
f_grid_import[8][6] = 2.7991
f_renewables[8][7] = 1.5366
f_PV[8][7] = 1.3280
f_WT[8][7] = 0.2086
f_grid_export[8][7] = -0.0000
f_grid_import[8][7] = 2.3534
f_renewables[8][8] = 1.1104
f_PV[8][8] = 0.2720
f_WT[8][8] = 0.8384
f_grid_export[8][8] = -0.0000
f_grid_import[8][8] = 3.1096
f_renewables[8][9] = 4.4100
f_PV[8][9] = 0.0240
f_WT[8][9] = 12.0000
f_grid_export[8][9] = 7.6140
f_grid_import[8][9] = 0.0000
f_renewables[8][10] = 4.1900
f_PV[8][10] = 0.5200
f_WT[8][10] = 5.0463
f_grid_export[8][10] = 1.3763
f_grid_import[8][10] = 0.0000
f_renewables[8][11] = 3.8900
f_PV[8][11] = 0.6400
f_WT[8][11] = 4.1509
f_grid_export[8][11] = 0.9009
f_grid_import[8][11] = 0.0000
f_renewables[8][12] = 4.2200
f_PV[8][12] = 0.1280
f_WT[8][12] = 9.8026
f_grid_export[8][12] = 5.7106
f_grid_import[8][12] = 0.0000
f_renewables[9][1] = 4.6800
f_PV[9][1] = 0.4080
f_WT[9][1] = 4.8525
f_grid_export[9][1] = 0.5805
f_grid_import[9][1] = 0.0000
f_renewables[9][2] = 2.3711
f_PV[9][2] = 1.7520
f_WT[9][2] = 0.6191
f_grid_export[9][2] = -0.0000
f_grid_import[9][2] = 1.9089
f_renewables[9][3] = 3.9586
f_PV[9][3] = 1.9440
f_WT[9][3] = 2.0146
f_grid_export[9][3] = -0.0000
f_grid_import[9][3] = 0.0114
f_renewables[9][4] = 3.8714
f_PV[9][4] = 0.8720
f_WT[9][4] = 2.9994
f_grid_export[9][4] = -0.0000
f_grid_import[9][4] = 0.4586
f_renewables[9][5] = 1.6796
f_PV[9][5] = 0.5520
f_WT[9][5] = 1.1276
f_grid_export[9][5] = -0.0000
f_grid_import[9][5] = 3.0004
f_renewables[9][6] = 2.3680
f_PV[9][6] = 2.3680
f_WT[9][6] = -0.0000
f_grid_export[9][6] = -0.0000
f_grid_import[9][6] = 1.9120
f_renewables[9][7] = 2.9707
f_PV[9][7] = 2.6240
f_WT[9][7] = 0.3467
f_grid_export[9][7] = -0.0000
f_grid_import[9][7] = 0.9993
f_renewables[9][8] = 1.7951
f_PV[9][8] = 1.1760
f_WT[9][8] = 0.6191
f_grid_export[9][8] = -0.0000
f_grid_import[9][8] = 2.5349
f_renewables[9][9] = 4.6800
f_PV[9][9] = 0.2640
f_WT[9][9] = 12.0000
f_grid_export[9][9] = 7.5840
f_grid_import[9][9] = 0.0000
f_renewables[9][10] = 3.0823
f_PV[9][10] = 1.1360
f_WT[9][10] = 1.9463
f_grid_export[9][10] = -0.0000
f_grid_import[9][10] = 1.1977
f_renewables[9][11] = 3.9700
f_PV[9][11] = 1.2640
f_WT[9][11] = 5.3696
f_grid_export[9][11] = 2.6636
f_grid_import[9][11] = 0.0000
f_renewables[9][12] = 4.3300
f_PV[9][12] = 0.5680
f_WT[9][12] = 7.8042
f_grid_export[9][12] = 4.0422
f_grid_import[9][12] = 0.0000
f_renewables[10][1] = 4.9300
f_PV[10][1] = 1.1280
f_WT[10][1] = 6.1913
f_grid_export[10][1] = 2.3893
f_grid_import[10][1] = 0.0000
f_renewables[10][2] = 4.2199
f_PV[10][2] = 2.8560
f_WT[10][2] = 1.3639
f_grid_export[10][2] = -0.0000
f_grid_import[10][2] = 0.0901
f_renewables[10][3] = 4.0200
f_PV[10][3] = 3.0400
f_WT[10][3] = 4.1642
f_grid_export[10][3] = 3.1842
f_grid_import[10][3] = 0.0000
f_renewables[10][4] = 4.3700
f_PV[10][4] = 1.7440
f_WT[10][4] = 2.9994
f_grid_export[10][4] = 0.3734
f_grid_import[10][4] = 0.0000
f_renewables[10][5] = 3.0113
f_PV[10][5] = 1.5200
f_WT[10][5] = 1.4913
f_grid_export[10][5] = -0.0000
f_grid_import[10][5] = 1.9187
f_renewables[10][6] = 4.0225
f_PV[10][6] = 3.8560
f_WT[10][6] = 0.1665
f_grid_export[10][6] = -0.0000
f_grid_import[10][6] = 0.2875
f_renewables[10][7] = 4.0200
f_PV[10][7] = 4.1040
f_WT[10][7] = 0.9374
f_grid_export[10][7] = 1.0214
f_grid_import[10][7] = 0.0000
f_renewables[10][8] = 2.9711
f_PV[10][8] = 2.3520
f_WT[10][8] = 0.6191
f_grid_export[10][8] = -0.0000
f_grid_import[10][8] = 1.3989
f_renewables[10][9] = 4.9300
f_PV[10][9] = 0.7360
f_WT[10][9] = 12.0000
f_grid_export[10][9] = 7.8060
f_grid_import[10][9] = 0.0000
f_renewables[10][10] = 4.3100
f_PV[10][10] = 1.8560
f_WT[10][10] = 3.7748
f_grid_export[10][10] = 1.3208
f_grid_import[10][10] = 0.0000
f_renewables[10][11] = 4.0200
f_PV[10][11] = 1.9760
f_WT[10][11] = 10.6568
f_grid_export[10][11] = 8.6128
f_grid_import[10][11] = 0.0000
f_renewables[10][12] = 4.3700
f_PV[10][12] = 1.1360
f_WT[10][12] = 7.8042
f_grid_export[10][12] = 4.5702
f_grid_import[10][12] = 0.0000
f_renewables[11][1] = 5.0400
f_PV[11][1] = 1.6880
f_WT[11][1] = 6.1913
f_grid_export[11][1] = 2.8393
f_grid_import[11][1] = 0.0000
f_renewables[11][2] = 4.3071
f_PV[11][2] = 3.6880
f_WT[11][2] = 0.6191
f_grid_export[11][2] = -0.0000
f_grid_import[11][2] = 0.0029
f_renewables[11][3] = 4.0300
f_PV[11][3] = 3.9760
f_WT[11][3] = 5.1527
f_grid_export[11][3] = 5.0987
f_grid_import[11][3] = 0.0000
f_renewables[11][4] = 4.3900
f_PV[11][4] = 2.4960
f_WT[11][4] = 7.1831
f_grid_export[11][4] = 5.2891
f_grid_import[11][4] = 0.0000
f_renewables[11][5] = 3.7713
f_PV[11][5] = 2.2800
f_WT[11][5] = 1.4913
f_grid_export[11][5] = -0.0000
f_grid_import[11][5] = 1.2687
f_renewables[11][6] = 4.3100
f_PV[11][6] = 4.9760
f_WT[11][6] = -0.0000
f_grid_export[11][6] = 0.6660
f_grid_import[11][6] = 0.0000
f_renewables[11][7] = 4.0300
f_PV[11][7] = 5.3680
f_WT[11][7] = 1.2036
f_grid_export[11][7] = 2.5416
f_grid_import[11][7] = 0.0000
f_renewables[11][8] = 4.3900
f_PV[11][8] = 3.3680
f_WT[11][8] = 1.7656
f_grid_export[11][8] = 0.7436
f_grid_import[11][8] = 0.0000
f_renewables[11][9] = 5.0400
f_PV[11][9] = 1.0960
f_WT[11][9] = 12.0000
f_grid_export[11][9] = 8.0560
f_grid_import[11][9] = 0.0000
f_renewables[11][10] = 4.3100
f_PV[11][10] = 2.4000
f_WT[11][10] = 1.9463
f_grid_export[11][10] = 0.0363
f_grid_import[11][10] = 0.0000
f_renewables[11][11] = 4.0300
f_PV[11][11] = 2.5840
f_WT[11][11] = 12.0000
f_grid_export[11][11] = 10.5540
f_grid_import[11][11] = 0.0000
f_renewables[11][12] = 4.3900
f_PV[11][12] = 1.6240
f_WT[11][12] = 12.0000
f_grid_export[11][12] = 9.2340
f_grid_import[11][12] = 0.0000
f_renewables[12][1] = 4.1242
f_PV[12][1] = 2.0400
f_WT[12][1] = 2.0842
f_grid_export[12][1] = -0.0000
f_grid_import[12][1] = 0.9658
f_renewables[12][2] = 4.2500
f_PV[12][2] = 4.0880
f_WT[12][2] = 0.9488
f_grid_export[12][2] = 0.7868
f_grid_import[12][2] = 0.0000
f_renewables[12][3] = 3.9700
f_PV[12][3] = 4.5520
f_WT[12][3] = 7.6261
f_grid_export[12][3] = 8.2081
f_grid_import[12][3] = 0.0000
f_renewables[12][4] = 4.3400
f_PV[12][4] = 2.9440
f_WT[12][4] = 2.9994
f_grid_export[12][4] = 1.6034
f_grid_import[12][4] = 0.0000
f_renewables[12][5] = 3.1171
f_PV[12][5] = 2.7520
f_WT[12][5] = 0.3651
f_grid_export[12][5] = -0.0000
f_grid_import[12][5] = 1.9729
f_renewables[12][6] = 4.2500
f_PV[12][6] = 5.5200
f_WT[12][6] = 0.0523
f_grid_export[12][6] = 1.3223
f_grid_import[12][6] = 0.0000
f_renewables[12][7] = 3.9700
f_PV[12][7] = 6.1440
f_WT[12][7] = 1.8877
f_grid_export[12][7] = 4.0617
f_grid_import[12][7] = 0.0000
f_renewables[12][8] = 4.3400
f_PV[12][8] = 3.9760
f_WT[12][8] = 0.6191
f_grid_export[12][8] = 0.2551
f_grid_import[12][8] = 0.0000
f_renewables[12][9] = 5.0900
f_PV[12][9] = 1.3280
f_WT[12][9] = 5.5601
f_grid_export[12][9] = 1.7981
f_grid_import[12][9] = 0.0000
f_renewables[12][10] = 4.2500
f_PV[12][10] = 2.6560
f_WT[12][10] = 2.7544
f_grid_export[12][10] = 1.1604
f_grid_import[12][10] = 0.0000
f_renewables[12][11] = 3.9700
f_PV[12][11] = 2.9600
f_WT[12][11] = 12.0000
f_grid_export[12][11] = 10.9900
f_grid_import[12][11] = 0.0000
f_renewables[12][12] = 4.3400
f_PV[12][12] = 1.9120
f_WT[12][12] = 7.8042
f_grid_export[12][12] = 5.3762
f_grid_import[12][12] = 0.0000
f_renewables[13][1] = 4.1402
f_PV[13][1] = 2.0560
f_WT[13][1] = 2.0842
f_grid_export[13][1] = -0.0000
f_grid_import[13][1] = 0.9698
f_renewables[13][2] = 4.1900
f_PV[13][2] = 4.1600
f_WT[13][2] = 0.3614
f_grid_export[13][2] = 0.3314
f_grid_import[13][2] = 0.0000
f_renewables[13][3] = 3.9100
f_PV[13][3] = 4.6880
f_WT[13][3] = 9.1478
f_grid_export[13][3] = 9.9258
f_grid_import[13][3] = 0.0000
f_renewables[13][4] = 4.2900
f_PV[13][4] = 3.0960
f_WT[13][4] = 3.8127
f_grid_export[13][4] = 2.6187
f_grid_import[13][4] = 0.0000
f_renewables[13][5] = 3.1411
f_PV[13][5] = 2.7760
f_WT[13][5] = 0.3651
f_grid_export[13][5] = -0.0000
f_grid_import[13][5] = 1.9689
f_renewables[13][6] = 4.1900
f_PV[13][6] = 5.6160
f_WT[13][6] = -0.0000
f_grid_export[13][6] = 1.4260
f_grid_import[13][6] = 0.0000
f_renewables[13][7] = 3.9100
f_PV[13][7] = 6.3280
f_WT[13][7] = 2.3015
f_grid_export[13][7] = 4.7195
f_grid_import[13][7] = 0.0000
f_renewables[13][8] = 4.2900
f_PV[13][8] = 4.1760
f_WT[13][8] = 0.8384
f_grid_export[13][8] = 0.7244
f_grid_import[13][8] = 0.0000
f_renewables[13][9] = 5.1100
f_PV[13][9] = 1.3360
f_WT[13][9] = 5.5601
f_grid_export[13][9] = 1.7861
f_grid_import[13][9] = 0.0000
f_renewables[13][10] = 4.0133
f_PV[13][10] = 2.7040
f_WT[13][10] = 1.3093
f_grid_export[13][10] = -0.0000
f_grid_import[13][10] = 0.1767
f_renewables[13][11] = 3.9100
f_PV[13][11] = 3.0480
f_WT[13][11] = 12.0000
f_grid_export[13][11] = 11.1380
f_grid_import[13][11] = 0.0000
f_renewables[13][12] = 4.2900
f_PV[13][12] = 2.0160
f_WT[13][12] = 9.8026
f_grid_export[13][12] = 7.5286
f_grid_import[13][12] = 0.0000
f_renewables[14][1] = 5.0600
f_PV[14][1] = 1.8400
f_WT[14][1] = 4.8525
f_grid_export[14][1] = 1.6325
f_grid_import[14][1] = 0.0000
f_renewables[14][2] = 4.0640
f_PV[14][2] = 4.0640
f_WT[14][2] = -0.0000
f_grid_export[14][2] = -0.0000
f_grid_import[14][2] = 0.0760
f_renewables[14][3] = 3.8800
f_PV[14][3] = 4.7040
f_WT[14][3] = 9.1478
f_grid_export[14][3] = 9.9718
f_grid_import[14][3] = 0.0000
f_renewables[14][4] = 4.2600
f_PV[14][4] = 2.8320
f_WT[14][4] = 7.1831
f_grid_export[14][4] = 5.7551
f_grid_import[14][4] = 0.0000
f_renewables[14][5] = 3.6156
f_PV[14][5] = 2.4880
f_WT[14][5] = 1.1276
f_grid_export[14][5] = -0.0000
f_grid_import[14][5] = 1.4444
f_renewables[14][6] = 4.1400
f_PV[14][6] = 5.4880
f_WT[14][6] = -0.0000
f_grid_export[14][6] = 1.3480
f_grid_import[14][6] = 0.0000
f_renewables[14][7] = 3.8800
f_PV[14][7] = 6.3520
f_WT[14][7] = 2.3015
f_grid_export[14][7] = 4.7735
f_grid_import[14][7] = 0.0000
f_renewables[14][8] = 4.2600
f_PV[14][8] = 3.8240
f_WT[14][8] = 1.7656
f_grid_export[14][8] = 1.3296
f_grid_import[14][8] = 0.0000
f_renewables[14][9] = 5.0600
f_PV[14][9] = 1.2000
f_WT[14][9] = 12.0000
f_grid_export[14][9] = 8.1400
f_grid_import[14][9] = 0.0000
f_renewables[14][10] = 2.8425
f_PV[14][10] = 2.6400
f_WT[14][10] = 0.2025
f_grid_export[14][10] = -0.0000
f_grid_import[14][10] = 1.2975
f_renewables[14][11] = 3.8800
f_PV[14][11] = 3.0560
f_WT[14][11] = 12.0000
f_grid_export[14][11] = 11.1760
f_grid_import[14][11] = 0.0000
f_renewables[14][12] = 4.2600
f_PV[14][12] = 1.8400
f_WT[14][12] = 12.0000
f_grid_export[14][12] = 9.5800
f_grid_import[14][12] = 0.0000
f_renewables[15][1] = 5.0300
f_PV[15][1] = 1.3840
f_WT[15][1] = 4.8525
f_grid_export[15][1] = 1.2065
f_grid_import[15][1] = 0.0000
f_renewables[15][2] = 4.1800
f_PV[15][2] = 3.7280
f_WT[15][2] = 1.3639
f_grid_export[15][2] = 0.9119
f_grid_import[15][2] = 0.0000
f_renewables[15][3] = 3.9400
f_PV[15][3] = 4.4640
f_WT[15][3] = 5.1527
f_grid_export[15][3] = 5.6767
f_grid_import[15][3] = 0.0000
f_renewables[15][4] = 4.3500
f_PV[15][4] = 2.3920
f_WT[15][4] = 5.8869
f_grid_export[15][4] = 3.9289
f_grid_import[15][4] = 0.0000
f_renewables[15][5] = 2.9996
f_PV[15][5] = 1.8720
f_WT[15][5] = 1.1276
f_grid_export[15][5] = -0.0000
f_grid_import[15][5] = 2.0304
f_renewables[15][6] = 4.1800
f_PV[15][6] = 5.0320
f_WT[15][6] = 0.1665
f_grid_export[15][6] = 1.0185
f_grid_import[15][6] = 0.0000
f_renewables[15][7] = 3.9400
f_PV[15][7] = 6.0240
f_WT[15][7] = 1.2036
f_grid_export[15][7] = 3.2876
f_grid_import[15][7] = 0.0000
f_renewables[15][8] = 4.3500
f_PV[15][8] = 3.2320
f_WT[15][8] = 1.4057
f_grid_export[15][8] = 0.2877
f_grid_import[15][8] = 0.0000
f_renewables[15][9] = 5.0300
f_PV[15][9] = 0.8960
f_WT[15][9] = 12.0000
f_grid_export[15][9] = 7.8660
f_grid_import[15][9] = 0.0000
f_renewables[15][10] = 4.1800
f_PV[15][10] = 2.4240
f_WT[15][10] = 3.7748
f_grid_export[15][10] = 2.0188
f_grid_import[15][10] = 0.0000
f_renewables[15][11] = 3.9400
f_PV[15][11] = 2.9040
f_WT[15][11] = 12.0000
f_grid_export[15][11] = 10.9640
f_grid_import[15][11] = 0.0000
f_renewables[15][12] = 4.3500
f_PV[15][12] = 1.5520
f_WT[15][12] = 12.0000
f_grid_export[15][12] = 9.2020
f_grid_import[15][12] = 0.0000
f_renewables[16][1] = 2.7962
f_PV[16][1] = 0.7120
f_WT[16][1] = 2.0842
f_grid_export[16][1] = -0.0000
f_grid_import[16][1] = 2.2438
f_renewables[16][2] = 3.7231
f_PV[16][2] = 3.1040
f_WT[16][2] = 0.6191
f_grid_export[16][2] = -0.0000
f_grid_import[16][2] = 0.5369
f_renewables[16][3] = 3.9700
f_PV[16][3] = 3.8720
f_WT[16][3] = 4.1642
f_grid_export[16][3] = 4.0662
f_grid_import[16][3] = 0.0000
f_renewables[16][4] = 4.5700
f_PV[16][4] = 1.7520
f_WT[16][4] = 3.8127
f_grid_export[16][4] = 0.9947
f_grid_import[16][4] = 0.0000
f_renewables[16][5] = 1.3251
f_PV[16][5] = 0.9600
f_WT[16][5] = 0.3651
f_grid_export[16][5] = -0.0000
f_grid_import[16][5] = 3.7149
f_renewables[16][6] = 4.1920
f_PV[16][6] = 4.1920
f_WT[16][6] = -0.0000
f_grid_export[16][6] = -0.0000
f_grid_import[16][6] = 0.0680
f_renewables[16][7] = 3.9700
f_PV[16][7] = 5.2240
f_WT[16][7] = 0.9374
f_grid_export[16][7] = 2.1914
f_grid_import[16][7] = 0.0000
f_renewables[16][8] = 3.2064
f_PV[16][8] = 2.3680
f_WT[16][8] = 0.8384
f_grid_export[16][8] = -0.0000
f_grid_import[16][8] = 1.3636
f_renewables[16][9] = 5.0400
f_PV[16][9] = 0.4640
f_WT[16][9] = 5.5601
f_grid_export[16][9] = 0.9841
f_grid_import[16][9] = 0.0000
f_renewables[16][10] = 3.9623
f_PV[16][10] = 2.0160
f_WT[16][10] = 1.9463
f_grid_export[16][10] = -0.0000
f_grid_import[16][10] = 0.2977
f_renewables[16][11] = 3.9700
f_PV[16][11] = 2.5200
f_WT[16][11] = 10.6568
f_grid_export[16][11] = 9.2068
f_grid_import[16][11] = 0.0000
f_renewables[16][12] = 4.5700
f_PV[16][12] = 1.1360
f_WT[16][12] = 9.8026
f_grid_export[16][12] = 6.3686
f_grid_import[16][12] = 0.0000
f_renewables[17][1] = 1.2104
f_PV[17][1] = 0.1920
f_WT[17][1] = 1.0184
f_grid_export[17][1] = -0.0000
f_grid_import[17][1] = 4.0996
f_renewables[17][2] = 3.7319
f_PV[17][2] = 2.3680
f_WT[17][2] = 1.3639
f_grid_export[17][2] = -0.0000
f_grid_import[17][2] = 0.5181
f_renewables[17][3] = 3.8500
f_PV[17][3] = 3.1600
f_WT[17][3] = 5.1527
f_grid_export[17][3] = 4.4627
f_grid_import[17][3] = 0.0000
f_renewables[17][4] = 4.7200
f_PV[17][4] = 1.0880
f_WT[17][4] = 3.8127
f_grid_export[17][4] = 0.1807
f_grid_import[17][4] = 0.0000
f_renewables[17][5] = 0.3279
f_PV[17][5] = 0.2560
f_WT[17][5] = 0.0719
f_grid_export[17][5] = -0.0000
f_grid_import[17][5] = 4.9821
f_renewables[17][6] = 3.3665
f_PV[17][6] = 3.2000
f_WT[17][6] = 0.1665
f_grid_export[17][6] = -0.0000
f_grid_import[17][6] = 0.8835
f_renewables[17][7] = 3.8500
f_PV[17][7] = 4.2640
f_WT[17][7] = 1.2036
f_grid_export[17][7] = 1.6176
f_grid_import[17][7] = 0.0000
f_renewables[17][8] = 2.3104
f_PV[17][8] = 1.4720
f_WT[17][8] = 0.8384
f_grid_export[17][8] = -0.0000
f_grid_import[17][8] = 2.4096
f_renewables[17][9] = 3.0408
f_PV[17][9] = 0.1280
f_WT[17][9] = 2.9128
f_grid_export[17][9] = -0.0000
f_grid_import[17][9] = 2.2692
f_renewables[17][10] = 4.2500
f_PV[17][10] = 1.5360
f_WT[17][10] = 3.7748
f_grid_export[17][10] = 1.0608
f_grid_import[17][10] = 0.0000
f_renewables[17][11] = 3.8500
f_PV[17][11] = 2.0560
f_WT[17][11] = 12.0000
f_grid_export[17][11] = 10.2060
f_grid_import[17][11] = 0.0000
f_renewables[17][12] = 4.7200
f_PV[17][12] = 0.7040
f_WT[17][12] = 9.8026
f_grid_export[17][12] = 5.7866
f_grid_import[17][12] = 0.0000
f_renewables[18][1] = 3.7657
f_PV[18][1] = 0.0160
f_WT[18][1] = 3.7497
f_grid_export[18][1] = -0.0000
f_grid_import[18][1] = 1.8143
f_renewables[18][2] = 2.1391
f_PV[18][2] = 1.5200
f_WT[18][2] = 0.6191
f_grid_export[18][2] = -0.0000
f_grid_import[18][2] = 2.1509
f_renewables[18][3] = 3.7200
f_PV[18][3] = 2.2480
f_WT[18][3] = 5.1527
f_grid_export[18][3] = 3.6807
f_grid_import[18][3] = 0.0000
f_renewables[18][4] = 2.3256
f_PV[18][4] = 0.5680
f_WT[18][4] = 1.7576
f_grid_export[18][4] = -0.0000
f_grid_import[18][4] = 2.3544
f_renewables[18][5] = 0.8464
f_PV[18][5] = 0.0240
f_WT[18][5] = 0.8224
f_grid_export[18][5] = -0.0000
f_grid_import[18][5] = 4.7336
f_renewables[18][6] = 2.0560
f_PV[18][6] = 2.0560
f_WT[18][6] = -0.0000
f_grid_export[18][6] = -0.0000
f_grid_import[18][6] = 2.2340
f_renewables[18][7] = 3.7200
f_PV[18][7] = 3.0320
f_WT[18][7] = 1.2036
f_grid_export[18][7] = 0.5156
f_grid_import[18][7] = 0.0000
f_renewables[18][8] = 1.0445
f_PV[18][8] = 0.7680
f_WT[18][8] = 0.2765
f_grid_export[18][8] = -0.0000
f_grid_import[18][8] = 3.6355
f_renewables[18][9] = 5.5800
f_PV[18][9] = 0.0080
f_WT[18][9] = 9.6418
f_grid_export[18][9] = 4.0698
f_grid_import[18][9] = 0.0000
f_renewables[18][10] = 2.9383
f_PV[18][10] = 0.9920
f_WT[18][10] = 1.9463
f_grid_export[18][10] = -0.0000
f_grid_import[18][10] = 1.3517
f_renewables[18][11] = 3.7200
f_PV[18][11] = 1.4640
f_WT[18][11] = 12.0000
f_grid_export[18][11] = 9.7440
f_grid_import[18][11] = 0.0000
f_renewables[18][12] = 4.6800
f_PV[18][12] = 0.3680
f_WT[18][12] = 4.7501
f_grid_export[18][12] = 0.4381
f_grid_import[18][12] = 0.0000
f_renewables[19][1] = 5.5200
f_PV[19][1] = -0.0000
f_WT[19][1] = 6.1913
f_grid_export[19][1] = 0.6713
f_grid_import[19][1] = 0.0000
f_renewables[19][2] = 1.6848
f_PV[19][2] = 0.7360
f_WT[19][2] = 0.9488
f_grid_export[19][2] = -0.0000
f_grid_import[19][2] = 2.6052
f_renewables[19][3] = 1.6170
f_PV[19][3] = 1.3200
f_WT[19][3] = 0.2970
f_grid_export[19][3] = -0.0000
f_grid_import[19][3] = 2.0130
f_renewables[19][4] = 1.0885
f_PV[19][4] = 0.1680
f_WT[19][4] = 0.9205
f_grid_export[19][4] = -0.0000
f_grid_import[19][4] = 3.3815
f_renewables[19][5] = 1.4913
f_PV[19][5] = -0.0000
f_WT[19][5] = 1.4913
f_grid_export[19][5] = 0.0000
f_grid_import[19][5] = 4.0287
f_renewables[19][6] = 1.0443
f_PV[19][6] = 0.9920
f_WT[19][6] = 0.0523
f_grid_export[19][6] = -0.0000
f_grid_import[19][6] = 3.2457
f_renewables[19][7] = 1.7840
f_PV[19][7] = 1.7840
f_WT[19][7] = -0.0000
f_grid_export[19][7] = -0.0000
f_grid_import[19][7] = 1.8460
f_renewables[19][8] = 0.2692
f_PV[19][8] = 0.2240
f_WT[19][8] = 0.0452
f_grid_export[19][8] = -0.0000
f_grid_import[19][8] = 4.2008
f_renewables[19][9] = 5.5200
f_PV[19][9] = -0.0000
f_WT[19][9] = 12.0000
f_grid_export[19][9] = 6.4800
f_grid_import[19][9] = 0.0000
f_renewables[19][10] = 3.2344
f_PV[19][10] = 0.4800
f_WT[19][10] = 2.7544
f_grid_export[19][10] = -0.0000
f_grid_import[19][10] = 1.0556
f_renewables[19][11] = 2.0023
f_PV[19][11] = 0.8560
f_WT[19][11] = 1.1463
f_grid_export[19][11] = -0.0000
f_grid_import[19][11] = 1.6277
f_renewables[19][12] = 2.7943
f_PV[19][12] = 0.1120
f_WT[19][12] = 2.6823
f_grid_export[19][12] = -0.0000
f_grid_import[19][12] = 1.6757
f_renewables[20][1] = 4.8525
f_PV[20][1] = -0.0000
f_WT[20][1] = 4.8525
f_grid_export[20][1] = 0.0000
f_grid_import[20][1] = 0.4375
f_renewables[20][2] = 4.1500
f_PV[20][2] = 0.2240
f_WT[20][2] = 5.3227
f_grid_export[20][2] = 1.3967
f_grid_import[20][2] = 0.0000
f_renewables[20][3] = 0.5403
f_PV[20][3] = 0.5360
f_WT[20][3] = 0.0043
f_grid_export[20][3] = -0.0000
f_grid_import[20][3] = 3.0597
f_renewables[20][4] = 0.9365
f_PV[20][4] = 0.0160
f_WT[20][4] = 0.9205
f_grid_export[20][4] = -0.0000
f_grid_import[20][4] = 3.2435
f_renewables[20][5] = 1.1276
f_PV[20][5] = -0.0000
f_WT[20][5] = 1.1276
f_grid_export[20][5] = 0.0000
f_grid_import[20][5] = 4.1624
f_renewables[20][6] = 1.5598
f_PV[20][6] = 0.3040
f_WT[20][6] = 1.2558
f_grid_export[20][6] = -0.0000
f_grid_import[20][6] = 2.5902
f_renewables[20][7] = 0.7200
f_PV[20][7] = 0.7200
f_WT[20][7] = -0.0000
f_grid_export[20][7] = -0.0000
f_grid_import[20][7] = 2.8800
f_renewables[20][8] = 0.0692
f_PV[20][8] = 0.0240
f_WT[20][8] = 0.0452
f_grid_export[20][8] = -0.0000
f_grid_import[20][8] = 4.1108
f_renewables[20][9] = 5.2900
f_PV[20][9] = -0.0000
f_WT[20][9] = 12.0000
f_grid_export[20][9] = 6.7100
f_grid_import[20][9] = 0.0000
f_renewables[20][10] = 4.1500
f_PV[20][10] = 0.1440
f_WT[20][10] = 12.0000
f_grid_export[20][10] = 7.9940
f_grid_import[20][10] = 0.0000
f_renewables[20][11] = 0.7823
f_PV[20][11] = 0.3520
f_WT[20][11] = 0.4303
f_grid_export[20][11] = -0.0000
f_grid_import[20][11] = 2.8177
f_renewables[20][12] = 2.6903
f_PV[20][12] = 0.0080
f_WT[20][12] = 2.6823
f_grid_export[20][12] = -0.0000
f_grid_import[20][12] = 1.4897
f_renewables[21][1] = 5.0100
f_PV[21][1] = -0.0000
f_WT[21][1] = 6.1913
f_grid_export[21][1] = 1.1813
f_grid_import[21][1] = 0.0000
f_renewables[21][2] = 3.8200
f_PV[21][2] = 0.0400
f_WT[21][2] = 9.9651
f_grid_export[21][2] = 6.1851
f_grid_import[21][2] = 0.0000
f_renewables[21][3] = 0.1643
f_PV[21][3] = 0.1600
f_WT[21][3] = 0.0043
f_grid_export[21][3] = -0.0000
f_grid_import[21][3] = 3.2557
f_renewables[21][4] = 0.3725
f_PV[21][4] = -0.0000
f_WT[21][4] = 0.3725
f_grid_export[21][4] = 0.0000
f_grid_import[21][4] = 3.4275
f_renewables[21][5] = 1.4913
f_PV[21][5] = -0.0000
f_WT[21][5] = 1.4913
f_grid_export[21][5] = 0.0000
f_grid_import[21][5] = 3.5187
f_renewables[21][6] = 2.5779
f_PV[21][6] = 0.0560
f_WT[21][6] = 2.5219
f_grid_export[21][6] = -0.0000
f_grid_import[21][6] = 1.2421
f_renewables[21][7] = 0.2160
f_PV[21][7] = 0.2160
f_WT[21][7] = -0.0000
f_grid_export[21][7] = -0.0000
f_grid_import[21][7] = 3.2040
f_renewables[21][8] = -0.0000
f_PV[21][8] = -0.0000
f_WT[21][8] = -0.0000
f_grid_export[21][8] = -0.0000
f_grid_import[21][8] = 3.8000
f_renewables[21][9] = 5.0100
f_PV[21][9] = -0.0000
f_WT[21][9] = 12.0000
f_grid_export[21][9] = 6.9900
f_grid_import[21][9] = 0.0000
f_renewables[21][10] = 3.8200
f_PV[21][10] = 0.0240
f_WT[21][10] = 12.0000
f_grid_export[21][10] = 8.2040
f_grid_import[21][10] = 0.0000
f_renewables[21][11] = 0.5343
f_PV[21][11] = 0.1040
f_WT[21][11] = 0.4303
f_grid_export[21][11] = -0.0000
f_grid_import[21][11] = 2.8857
f_renewables[21][12] = 1.3364
f_PV[21][12] = -0.0000
f_WT[21][12] = 1.3364
f_grid_export[21][12] = 0.0000
f_grid_import[21][12] = 2.4636
f_renewables[22][1] = 4.6600
f_PV[22][1] = -0.0000
f_WT[22][1] = 6.1913
f_grid_export[22][1] = 1.5313
f_grid_import[22][1] = 0.0000
f_renewables[22][2] = 3.4100
f_PV[22][2] = -0.0000
f_WT[22][2] = 9.9651
f_grid_export[22][2] = 6.5551
f_grid_import[22][2] = 0.0000
f_renewables[22][3] = 0.5242
f_PV[22][3] = 0.0160
f_WT[22][3] = 0.5082
f_grid_export[22][3] = -0.0000
f_grid_import[22][3] = 2.5058
f_renewables[22][4] = 0.3725
f_PV[22][4] = -0.0000
f_WT[22][4] = 0.3725
f_grid_export[22][4] = 0.0000
f_grid_import[22][4] = 3.0275
f_renewables[22][5] = 1.4913
f_PV[22][5] = -0.0000
f_WT[22][5] = 1.4913
f_grid_export[22][5] = 0.0000
f_grid_import[22][5] = 3.1687
f_renewables[22][6] = 2.5219
f_PV[22][6] = -0.0000
f_WT[22][6] = 2.5219
f_grid_export[22][6] = 0.0000
f_grid_import[22][6] = 0.8881
f_renewables[22][7] = 0.0240
f_PV[22][7] = 0.0240
f_WT[22][7] = -0.0000
f_grid_export[22][7] = -0.0000
f_grid_import[22][7] = 3.0060
f_renewables[22][8] = -0.0000
f_PV[22][8] = -0.0000
f_WT[22][8] = -0.0000
f_grid_export[22][8] = -0.0000
f_grid_import[22][8] = 3.4000
f_renewables[22][9] = 4.6600
f_PV[22][9] = -0.0000
f_WT[22][9] = 12.0000
f_grid_export[22][9] = 7.3400
f_grid_import[22][9] = 0.0000
f_renewables[22][10] = 3.4100
f_PV[22][10] = -0.0000
f_WT[22][10] = 12.0000
f_grid_export[22][10] = 8.5900
f_grid_import[22][10] = 0.0000
f_renewables[22][11] = 1.6715
f_PV[22][11] = 0.0080
f_WT[22][11] = 1.6635
f_grid_export[22][11] = -0.0000
f_grid_import[22][11] = 1.3585
f_renewables[22][12] = 1.3364
f_PV[22][12] = -0.0000
f_WT[22][12] = 1.3364
f_grid_export[22][12] = 0.0000
f_grid_import[22][12] = 2.0636
f_renewables[23][1] = 4.2900
f_PV[23][1] = -0.0000
f_WT[23][1] = 4.8525
f_grid_export[23][1] = 0.5625
f_grid_import[23][1] = 0.0000
f_renewables[23][2] = 3.0900
f_PV[23][2] = -0.0000
f_WT[23][2] = 12.0000
f_grid_export[23][2] = 8.9100
f_grid_import[23][2] = 0.0000
f_renewables[23][3] = 0.1297
f_PV[23][3] = -0.0000
f_WT[23][3] = 0.1297
f_grid_export[23][3] = 0.0000
f_grid_import[23][3] = 2.6103
f_renewables[23][4] = 0.3725
f_PV[23][4] = -0.0000
f_WT[23][4] = 0.3725
f_grid_export[23][4] = 0.0000
f_grid_import[23][4] = 2.7175
f_renewables[23][5] = 1.1276
f_PV[23][5] = -0.0000
f_WT[23][5] = 1.1276
f_grid_export[23][5] = 0.0000
f_grid_import[23][5] = 3.1624
f_renewables[23][6] = 3.0900
f_PV[23][6] = -0.0000
f_WT[23][6] = 3.0988
f_grid_export[23][6] = 0.0088
f_grid_import[23][6] = 0.0000
f_renewables[23][7] = -0.0000
f_PV[23][7] = -0.0000
f_WT[23][7] = -0.0000
f_grid_export[23][7] = -0.0000
f_grid_import[23][7] = 2.7400
f_renewables[23][8] = -0.0000
f_PV[23][8] = -0.0000
f_WT[23][8] = -0.0000
f_grid_export[23][8] = -0.0000
f_grid_import[23][8] = 3.0900
f_renewables[23][9] = 4.2900
f_PV[23][9] = -0.0000
f_WT[23][9] = 12.0000
f_grid_export[23][9] = 7.7100
f_grid_import[23][9] = 0.0000
f_renewables[23][10] = 3.0900
f_PV[23][10] = -0.0000
f_WT[23][10] = 12.0000
f_grid_export[23][10] = 8.9100
f_grid_import[23][10] = 0.0000
f_renewables[23][11] = 0.7398
f_PV[23][11] = -0.0000
f_WT[23][11] = 0.7398
f_grid_export[23][11] = 0.0000
f_grid_import[23][11] = 2.0002
f_renewables[23][12] = 1.3364
f_PV[23][12] = -0.0000
f_WT[23][12] = 1.3364
f_grid_export[23][12] = 0.0000
f_grid_import[23][12] = 1.7536
f_renewables[24][1] = 3.9400
f_PV[24][1] = -0.0000
f_WT[24][1] = 7.7843
f_grid_export[24][1] = 3.8443
f_grid_import[24][1] = 0.0000
f_renewables[24][2] = 3.1000
f_PV[24][2] = -0.0000
f_WT[24][2] = 9.9651
f_grid_export[24][2] = 6.8651
f_grid_import[24][2] = 0.0000
f_renewables[24][3] = 0.0043
f_PV[24][3] = -0.0000
f_WT[24][3] = 0.0043
f_grid_export[24][3] = 0.0000
f_grid_import[24][3] = 2.6157
f_renewables[24][4] = 1.7576
f_PV[24][4] = -0.0000
f_WT[24][4] = 1.7576
f_grid_export[24][4] = 0.0000
f_grid_import[24][4] = 1.2924
f_renewables[24][5] = 1.9295
f_PV[24][5] = -0.0000
f_WT[24][5] = 1.9295
f_grid_export[24][5] = 0.0000
f_grid_import[24][5] = 2.0105
f_renewables[24][6] = 2.5219
f_PV[24][6] = -0.0000
f_WT[24][6] = 2.5219
f_grid_export[24][6] = 0.0000
f_grid_import[24][6] = 0.5781
f_renewables[24][7] = -0.0000
f_PV[24][7] = -0.0000
f_WT[24][7] = -0.0000
f_grid_export[24][7] = -0.0000
f_grid_import[24][7] = 2.6200
f_renewables[24][8] = 0.2765
f_PV[24][8] = -0.0000
f_WT[24][8] = 0.2765
f_grid_export[24][8] = 0.0000
f_grid_import[24][8] = 2.7735
f_renewables[24][9] = 3.9400
f_PV[24][9] = -0.0000
f_WT[24][9] = 12.0000
f_grid_export[24][9] = 8.0600
f_grid_import[24][9] = 0.0000
f_renewables[24][10] = 3.1000
f_PV[24][10] = -0.0000
f_WT[24][10] = 12.0000
f_grid_export[24][10] = 8.9000
f_grid_import[24][10] = 0.0000
f_renewables[24][11] = 0.4303
f_PV[24][11] = -0.0000
f_WT[24][11] = 0.4303
f_grid_export[24][11] = 0.0000
f_grid_import[24][11] = 2.1897
f_renewables[24][12] = 3.0500
f_PV[24][12] = -0.0000
f_WT[24][12] = 4.7501
f_grid_export[24][12] = 1.7001
f_grid_import[24][12] = 0.0000
Z[0][0] = 40000.0000
Z[0][1] = 40000.0000
Z[0][2] = 40000.0000
Z[0][3] = 40000.0000
Z[0][4] = 40000.0000
Z[0][5] = 40000.0000
Z[0][6] = 40000.0000
Z[0][7] = 40000.0000
Z[0][8] = 40000.0000
Z[0][9] = 40000.0000
Z[0][10] = 40000.0000
Z[0][11] = 40000.0000
Z[1][0] = 12.0000
Z[1][1] = 12.0000
Z[1][2] = 12.0000
Z[1][3] = 12.0000
Z[1][4] = 12.0000
Z[1][5] = 12.0000
Z[1][6] = 12.0000
Z[1][7] = 12.0000
Z[1][8] = 12.0000
Z[1][9] = 12.0000
Z[1][10] = 12.0000
Z[1][11] = 12.0000

Final wall clock time = 1.94
