Key params:
SOC_initial;50
FiT;100
FiT_extra;50
Budget;1.5e+07
C_PV;130
C_WT;2e+06
C_BAT;150000
Scen;Prob;1
1;0,125;
2;0,125;
3;0,125;
4;0,125;
5;0,0625;
6;0,0625;
7;0,0625;
8;0,0625;
9;0,0625;
10;0,0625;
11;0,0625;
12;0,0625;
param1:
ParamName;IR_PV;Description: ;Solar irradiation  for timestep t and scenario h [W/m^2] (Source:SatelLight);;;;;;;;;
t,h;1Wavg;2SPRavg;3SUMavg;4FAavg;1Whigh;2SPRhigh;3SUMhigh;4FAhigh;1Wlow;2SPRlow;3SUMlow;4FAlow
1;0;0;0;0;0;0;0;0;0;0;0;0
2;0;0;0;0;0;0;0;0;0;0;0;0
3;0;0;0;0;0;0;0;0;0;0;0;0
4;0;0;0;0;0;0;0;0;0;0;0;0
5;0;0;0;0;0;0;0;0;0;0;0;0
6;0;4;11;0;0;5;15;0;0;3;7;0
7;0;25;42;1;0;34;57;1;0;16;27;1
8;5;100;123;25;7;135;166;34;3;65;80;16
9;51;219;243;109;69;296;328;147;33;142;158;71
10;141;357;380;218;190;482;513;294;92;232;247;142
11;211;461;497;312;285;622;671;421;137;300;323;203
12;255;511;569;368;344;690;768;497;166;332;370;239
13;257;520;586;387;347;702;791;522;167;338;381;252
14;230;508;588;354;311;686;794;478;150;330;382;230
15;173;466;558;299;234;629;753;404;112;303;363;194
16;89;388;484;219;120;524;653;296;58;252;315;142
17;24;296;395;136;32;400;533;184;16;192;257;88
18;2;190;281;71;3;257;379;96;1;124;183;46
19;0;92;165;21;0;124;223;28;0;60;107;14
20;0;28;67;2;0;38;90;3;0;18;44;1
21;0;5;20;0;0;7;27;0;0;3;13;0
22;0;0;2;0;0;0;3;0;0;0;1;0
23;0;0;0;0;0;0;0;0;0;0;0;0
24;0;0;0;0;0;0;0;0;0;0;0;0
param2:
Param;W_WT;Description: ;Wind velocity  for timestep t and scenario h [m/s];;;;;;;;;
t,h;1W;2SPR;3SUM;4FA;1Wlow;2SPRlow;3SUMlow;4FAlow;1Whigh;2SPRhigh;3SUMhigh;4FAhigh
1;11,31;14,01;4,02;9,02;7,35;9,11;2,61;5,87;15,27;18,91;5,43;12,18
2;12,17;11,56;5,07;7,70;7,91;7,52;3,29;5,01;16,43;15,61;6,84;10,40
3;10,47;14,86;5,07;9,71;6,81;9,66;3,29;6,31;14,14;20,06;6,84;13,11
4;11,31;14,01;5,07;11,86;7,35;9,11;3,29;7,71;15,27;18,91;6,84;16,01
5;12,17;10,02;6,19;9,71;7,91;6,52;4,02;6,31;16,43;13,53;8,35;13,11
6;11,31;6,51;5,07;9,02;7,35;4,23;3,29;5,87;15,27;8,79;6,84;12,18
7;10,47;8,56;5,62;11,86;6,81;5,56;3,65;7,71;14,14;11,55;7,58;16,01
8;12,17;7,86;7,38;9,71;7,91;5,11;4,80;6,31;16,43;10,60;9,97;13,11
9;10,47;5,87;8,01;9,02;6,81;3,82;5,21;5,87;14,14;7,93;10,81;12,18
10;11,31;7,17;9,98;9,02;7,35;4,66;6,49;5,87;15,27;9,68;13,47;12,18
11;11,31;5,87;10,67;11,86;7,35;3,82;6,93;7,71;15,27;7,93;14,40;16,01
12;8,09;6,51;12,09;9,02;5,26;4,23;7,86;5,87;10,93;8,79;16,32;12,18
13;8,09;5,25;12,82;9,71;5,26;3,41;8,33;6,31;10,93;7,09;17,31;13,11
14;10,47;3,54;12,82;11,86;6,81;2,30;8,33;7,71;14,14;4,78;17,31;16,01
15;10,47;7,17;10,67;11,13;6,81;4,66;6,93;7,23;14,14;9,68;14,40;15,02
16;8,09;5,87;9,98;9,71;5,26;3,82;6,49;6,31;10,93;7,93;13,47;13,11
17;6,63;7,17;10,67;9,71;4,31;4,66;6,93;6,31;8,94;9,68;14,40;13,11
18;9,66;5,87;10,67;7,70;6,28;3,82;6,93;5,01;13,04;7,93;14,40;10,40
19;11,31;6,51;5,07;6,46;7,35;4,23;3,29;4,20;15,27;8,79;6,84;8,72
20;10,47;10,78;4,02;6,46;6,81;7,01;2,61;4,20;14,14;14,56;5,43;8,72
21;11,31;13,18;4,02;5,28;7,35;8,56;2,61;3,44;15,27;17,79;5,43;7,13
22;11,31;13,18;5,62;5,28;7,35;8,56;3,65;3,44;15,27;17,79;7,58;7,13
23;10,47;14,01;4,53;5,28;6,81;9,11;2,95;3,44;14,14;18,91;6,12;7,13
24;12,17;13,18;4,02;7,70;7,91;8,56;2,61;5,01;16,43;17,79;5,43;10,40
param3:
Param;OC_GRID;Description;Grid price  for timestep t and scenario h [MW/m^2];;;;;;;;;
t,h;W;Spr;Sum;Fall;W;Spr;Sum;Fall;W;Spr;Sum;Fall
1;345;225;218;277;345;225;218;277;345;225;218;277
2;323;204;205;261;323;204;205;261;323;204;205;261
3;305;190;193;245;305;190;193;245;305;190;193;245
4;294;183;186;237;294;183;186;237;294;183;186;237
5;302;188;192;245;302;188;192;245;302;188;192;245
6;335;219;216;272;335;219;216;272;335;219;216;272
7;435;334;287;357;435;334;287;357;435;334;287;357
8;550;421;369;451;550;421;369;451;550;421;369;451
9;575;433;388;474;575;433;388;474;575;433;388;474
10;539;411;366;446;539;411;366;446;539;411;366;446
11;510;387;343;421;510;387;343;421;510;387;343;421
12;498;383;337;413;498;383;337;413;498;383;337;413
13;463;361;313;383;463;361;313;383;463;361;313;383
14;451;352;306;376;451;352;306;376;451;352;306;376
15;442;346;302;371;442;346;302;371;442;346;302;371
16;453;356;310;378;453;356;310;378;453;356;310;378
17;467;367;321;389;467;367;321;389;467;367;321;389
18;537;419;367;444;537;419;367;444;537;419;367;444
19;584;452;396;482;584;452;396;482;584;452;396;482
20;591;458;391;486;591;458;391;486;591;458;391;486
21;530;413;351;431;530;413;351;431;530;413;351;431
22;471;365;314;384;471;365;314;384;471;365;314;384
23;437;336;289;356;437;336;289;356;437;336;289;356
24;364;276;239;298;364;276;239;298;364;276;239;298
param4:
Param;L_DEM;Description: ;Solar irradiation  for timestep t and scenario h [MW/m^2];;;;;;;;;
t,h;W;Spr;Sum;Fall;W;Spr;Sum;Fall;W;Spr;Sum;Fall
1;3,93;3,07;2,53;2,97;3,93;3,07;2,53;2,97;3,93;3,07;2,53;2,97
2;3,86;3,00;2,49;2,89;3,86;3,00;2,49;2,89;3,86;3,00;2,49;2,89
3;3,78;2,93;2,45;2,83;3,78;2,93;2,45;2,83;3,78;2,93;2,45;2,83
4;3,70;2,91;2,48;2,86;3,70;2,91;2,48;2,86;3,70;2,91;2,48;2,86
5;3,58;3,17;2,81;3,16;3,58;3,17;2,81;3,16;3,58;3,17;2,81;3,16
6;3,61;3,66;3,32;3,68;3,61;3,66;3,32;3,68;3,61;3,66;3,32;3,68
7;3,96;4,00;3,68;4,04;3,96;4,00;3,68;4,04;3,96;4,00;3,68;4,04
8;4,41;4,19;3,89;4,22;4,41;4,19;3,89;4,22;4,41;4,19;3,89;4,22
9;4,68;4,28;3,97;4,33;4,68;4,28;3,97;4,33;4,68;4,28;3,97;4,33
10;4,93;4,31;4,02;4,37;4,93;4,31;4,02;4,37;4,93;4,31;4,02;4,37
11;5,04;4,31;4,03;4,39;5,04;4,31;4,03;4,39;5,04;4,31;4,03;4,39
12;5,09;4,25;3,97;4,34;5,09;4,25;3,97;4,34;5,09;4,25;3,97;4,34
13;5,11;4,19;3,91;4,29;5,11;4,19;3,91;4,29;5,11;4,19;3,91;4,29
14;5,06;4,14;3,88;4,26;5,06;4,14;3,88;4,26;5,06;4,14;3,88;4,26
15;5,03;4,18;3,94;4,35;5,03;4,18;3,94;4,35;5,03;4,18;3,94;4,35
16;5,04;4,26;3,97;4,57;5,04;4,26;3,97;4,57;5,04;4,26;3,97;4,57
17;5,31;4,25;3,85;4,72;5,31;4,25;3,85;4,72;5,31;4,25;3,85;4,72
18;5,58;4,29;3,72;4,68;5,58;4,29;3,72;4,68;5,58;4,29;3,72;4,68
19;5,52;4,29;3,63;4,47;5,52;4,29;3,63;4,47;5,52;4,29;3,63;4,47
20;5,29;4,15;3,60;4,18;5,29;4,15;3,60;4,18;5,29;4,15;3,60;4,18
21;5,01;3,82;3,42;3,80;5,01;3,82;3,42;3,80;5,01;3,82;3,42;3,80
22;4,66;3,41;3,03;3,40;4,66;3,41;3,03;3,40;4,66;3,41;3,03;3,40
23;4,29;3,09;2,74;3,09;4,29;3,09;2,74;3,09;4,29;3,09;2,74;3,09
24;3,94;3,10;2,62;3,05;3,94;3,10;2,62;3,05;3,94;3,10;2,62;3,05
-------printing data---------
prob: scen 1 0.125
scen 2 0.125
scen 3 0.125
scen 4 0.125
scen 5 0.0625
scen 6 0.0625
scen 7 0.0625
scen 8 0.0625
scen 9 0.0625
scen 10 0.0625
scen 11 0.0625
scen 12 0.0625
Param: IR_PV
 scen: 1
 0  0  0  0  0  0  0  5  51  141  211  255  257  230  173  89  24  2  0  0  0  0  0  0 
 scen: 2
 0  0  0  0  0  4  25  100  219  357  461  511  520  508  466  388  296  190  92  28  5  0  0  0 
 scen: 3
 0  0  0  0  0  11  42  123  243  380  497  569  586  588  558  484  395  281  165  67  20  2  0  0 
 scen: 4
 0  0  0  0  0  0  1  25  109  218  312  368  387  354  299  219  136  71  21  2  0  0  0  0 
 scen: 5
 0  0  0  0  0  0  0  7  69  190  285  344  347  311  234  120  32  3  0  0  0  0  0  0 
 scen: 6
 0  0  0  0  0  5  34  135  296  482  622  690  702  686  629  524  400  257  124  38  7  0  0  0 
 scen: 7
 0  0  0  0  0  15  57  166  328  513  671  768  791  794  753  653  533  379  223  90  27  3  0  0 
 scen: 8
 0  0  0  0  0  0  1  34  147  294  421  497  522  478  404  296  184  96  28  3  0  0  0  0 
 scen: 9
 0  0  0  0  0  0  0  3  33  92  137  166  167  150  112  58  16  1  0  0  0  0  0  0 
 scen: 10
 0  0  0  0  0  3  16  65  142  232  300  332  338  330  303  252  192  124  60  18  3  0  0  0 
 scen: 11
 0  0  0  0  0  7  27  80  158  247  323  370  381  382  363  315  257  183  107  44  13  1  0  0 
 scen: 12
 0  0  0  0  0  0  1  16  71  142  203  239  252  230  194  142  88  46  14  1  0  0  0  0 
Param: L_DEM
 scen: 1
 3.93  3.86  3.78  3.7  3.58  3.61  3.96  4.41  4.68  4.93  5.04  5.09  5.11  5.06  5.03  5.04  5.31  5.58  5.52  5.29  5.01  4.66  4.29  3.94 
 scen: 2
 3.07  3  2.93  2.91  3.17  3.66  4  4.19  4.28  4.31  4.31  4.25  4.19  4.14  4.18  4.26  4.25  4.29  4.29  4.15  3.82  3.41  3.09  3.1 
 scen: 3
 2.53  2.49  2.45  2.48  2.81  3.32  3.68  3.89  3.97  4.02  4.03  3.97  3.91  3.88  3.94  3.97  3.85  3.72  3.63  3.6  3.42  3.03  2.74  2.62 
 scen: 4
 2.97  2.89  2.83  2.86  3.16  3.68  4.04  4.22  4.33  4.37  4.39  4.34  4.29  4.26  4.35  4.57  4.72  4.68  4.47  4.18  3.8  3.4  3.09  3.05 
 scen: 5
 3.93  3.86  3.78  3.7  3.58  3.61  3.96  4.41  4.68  4.93  5.04  5.09  5.11  5.06  5.03  5.04  5.31  5.58  5.52  5.29  5.01  4.66  4.29  3.94 
 scen: 6
 3.07  3  2.93  2.91  3.17  3.66  4  4.19  4.28  4.31  4.31  4.25  4.19  4.14  4.18  4.26  4.25  4.29  4.29  4.15  3.82  3.41  3.09  3.1 
 scen: 7
 2.53  2.49  2.45  2.48  2.81  3.32  3.68  3.89  3.97  4.02  4.03  3.97  3.91  3.88  3.94  3.97  3.85  3.72  3.63  3.6  3.42  3.03  2.74  2.62 
 scen: 8
 2.97  2.89  2.83  2.86  3.16  3.68  4.04  4.22  4.33  4.37  4.39  4.34  4.29  4.26  4.35  4.57  4.72  4.68  4.47  4.18  3.8  3.4  3.09  3.05 
 scen: 9
 3.93  3.86  3.78  3.7  3.58  3.61  3.96  4.41  4.68  4.93  5.04  5.09  5.11  5.06  5.03  5.04  5.31  5.58  5.52  5.29  5.01  4.66  4.29  3.94 
 scen: 10
 3.07  3  2.93  2.91  3.17  3.66  4  4.19  4.28  4.31  4.31  4.25  4.19  4.14  4.18  4.26  4.25  4.29  4.29  4.15  3.82  3.41  3.09  3.1 
 scen: 11
 2.53  2.49  2.45  2.48  2.81  3.32  3.68  3.89  3.97  4.02  4.03  3.97  3.91  3.88  3.94  3.97  3.85  3.72  3.63  3.6  3.42  3.03  2.74  2.62 
 scen: 12
 2.97  2.89  2.83  2.86  3.16  3.68  4.04  4.22  4.33  4.37  4.39  4.34  4.29  4.26  4.35  4.57  4.72  4.68  4.47  4.18  3.8  3.4  3.09  3.05 
Param: OC_GRID
 scen: 1
 345  323  305  294  302  335  435  550  575  539  510  498  463  451  442  453  467  537  584  591  530  471  437  364 
 scen: 2
 225  204  190  183  188  219  334  421  433  411  387  383  361  352  346  356  367  419  452  458  413  365  336  276 
 scen: 3
 218  205  193  186  192  216  287  369  388  366  343  337  313  306  302  310  321  367  396  391  351  314  289  239 
 scen: 4
 277  261  245  237  245  272  357  451  474  446  421  413  383  376  371  378  389  444  482  486  431  384  356  298 
 scen: 5
 345  323  305  294  302  335  435  550  575  539  510  498  463  451  442  453  467  537  584  591  530  471  437  364 
 scen: 6
 225  204  190  183  188  219  334  421  433  411  387  383  361  352  346  356  367  419  452  458  413  365  336  276 
 scen: 7
 218  205  193  186  192  216  287  369  388  366  343  337  313  306  302  310  321  367  396  391  351  314  289  239 
 scen: 8
 277  261  245  237  245  272  357  451  474  446  421  413  383  376  371  378  389  444  482  486  431  384  356  298 
 scen: 9
 345  323  305  294  302  335  435  550  575  539  510  498  463  451  442  453  467  537  584  591  530  471  437  364 
 scen: 10
 225  204  190  183  188  219  334  421  433  411  387  383  361  352  346  356  367  419  452  458  413  365  336  276 
 scen: 11
 218  205  193  186  192  216  287  369  388  366  343  337  313  306  302  310  321  367  396  391  351  314  289  239 
 scen: 12
 277  261  245  237  245  272  357  451  474  446  421  413  383  376  371  378  389  444  482  486  431  384  356  298 
Param: W_WT
 scen: 1
 11.31  12.17  10.47  11.31  12.17  11.31  10.47  12.17  10.47  11.31  11.31  8.09  8.09  10.47  10.47  8.09  6.63  9.66  11.31  10.47  11.31  11.31  10.47  12.17 
 scen: 2
 14.01  11.56  14.86  14.01  10.02  6.51  8.56  7.86  5.87  7.17  5.87  6.51  5.25  3.54  7.17  5.87  7.17  5.87  6.51  10.78  13.18  13.18  14.01  13.18 
 scen: 3
 4.02  5.07  5.07  5.07  6.19  5.07  5.62  7.38  8.01  9.98  10.67  12.09  12.82  12.82  10.67  9.98  10.67  10.67  5.07  4.02  4.02  5.62  4.53  4.02 
 scen: 4
 9.02  7.7  9.71  11.86  9.71  9.02  11.86  9.71  9.02  9.02  11.86  9.02  9.71  11.86  11.13  9.71  9.71  7.7  6.46  6.46  5.28  5.28  5.28  7.7 
 scen: 5
 7.35  7.91  6.81  7.35  7.91  7.35  6.81  7.91  6.81  7.35  7.35  5.26  5.26  6.81  6.81  5.26  4.31  6.28  7.35  6.81  7.35  7.35  6.81  7.91 
 scen: 6
 9.11  7.52  9.66  9.11  6.52  4.23  5.56  5.11  3.82  4.66  3.82  4.23  3.41  2.3  4.66  3.82  4.66  3.82  4.23  7.01  8.56  8.56  9.11  8.56 
 scen: 7
 2.61  3.29  3.29  3.29  4.02  3.29  3.65  4.8  5.21  6.49  6.93  7.86  8.33  8.33  6.93  6.49  6.93  6.93  3.29  2.61  2.61  3.65  2.95  2.61 
 scen: 8
 5.87  5.01  6.31  7.71  6.31  5.87  7.71  6.31  5.87  5.87  7.71  5.87  6.31  7.71  7.23  6.31  6.31  5.01  4.2  4.2  3.44  3.44  3.44  5.01 
 scen: 9
 15.27  16.43  14.14  15.27  16.43  15.27  14.14  16.43  14.14  15.27  15.27  10.93  10.93  14.14  14.14  10.93  8.94  13.04  15.27  14.14  15.27  15.27  14.14  16.43 
 scen: 10
 18.91  15.61  20.06  18.91  13.53  8.79  11.55  10.6  7.93  9.68  7.93  8.79  7.09  4.78  9.68  7.93  9.68  7.93  8.79  14.56  17.79  17.79  18.91  17.79 
 scen: 11
 5.43  6.84  6.84  6.84  8.35  6.84  7.58  9.97  10.81  13.47  14.4  16.32  17.31  17.31  14.4  13.47  14.4  14.4  6.84  5.43  5.43  7.58  6.12  5.43 
 scen: 12
 12.18  10.4  13.11  16.01  13.11  12.18  16.01  13.11  12.18  12.18  16.01  12.18  13.11  16.01  15.02  13.11  13.11  10.4  8.72  8.72  7.13  7.13  7.13  10.4 
Discrete Sets of technologies:
Tech 1: 
0	5000	10000	15000	20000	25000	30000	35000	40000	45000	
Tech 2: 
0	1	2	3	4	5	6	7	8	9	
Tech 3: 


-- Discretization performed.. --
-- 2nd stage varaiables declared.. --
 CRF+xi = 0.122649
 CRF+xi = 0.137185
 CRF+xi = 0.122649
 CRF+xi = 0.137185
 CRF+xi = 0.122649
 CRF+xi = 0.137185
 CRF+xi = 0.122649
 CRF+xi = 0.137185
 CRF+xi = 0.122649
 CRF+xi = 0.137185
 CRF+xi = 0.122649
 CRF+xi = 0.137185
 CRF+xi = 0.122649
 CRF+xi = 0.137185
 CRF+xi = 0.122649
 CRF+xi = 0.137185
 CRF+xi = 0.122649
 CRF+xi = 0.137185
 CRF+xi = 0.122649
 CRF+xi = 0.137185
 CRF+xi = 0.122649
 CRF+xi = 0.137185
 CRF+xi = 0.122649
 CRF+xi = 0.137185
-- Objective function set.. --
-- 1st stage constraints set.. --
-- 2nd stage constraints set.. --
-- Running program.. --

               Number of scenarios: 12

          Before Preprocessing: 

                         Variables: 1772

                          Complicating: 20
                                    Binary: 20
                                   Integer: 0
                                Continuous: 0

                              Recourse: 1752
                                    Binary: 0
                                   Integer: 0
                                Continuous: 1752

                       Constraints: 1190

                           First-stage: 2
                              Recourse: 1188

          After Preprocessing: 

                         Variables: 1784

                          Complicating: 20
                                    Binary: 20
                                Continuous: 0

                              Recourse: 1764
                                    Binary: 0
                                   Integer: 0
                                Continuous: 1764

                       Constraints: 1202

                           First-stage: 2
                                  Equality: 2
                                Inequality: 0

                              Recourse: 1200
                                  Equality: 888
                                Inequality: 312

                    Linear Constraints: 1202
                 Nonlinear Constraints: 0



Time for preprocessing: 0.05 seconds
         Reformulation: 0.00 seconds
        Simplification: 0.05 seconds
   Structure detection: 0.00 seconds

Cannot write full-space GAMS model when algorithm is NGBD

Running NGBD to solve the input problem


| It # |      LBD      |     UBDPB     |      UBD      | Gap % |  Solver time  | Wall Clock time |
|     0|    -6.4654e+06|     7.8114e+06|               |  ---  |           0.01|             1.87|
|     1|    -1.0592e+06|               |               |  ---  |           0.02|             1.91|
|     2|     1.1201e+05|     1.2825e+06|               |  ---  |           0.04|             1.93|
|     3|     3.3393e+05|     8.3047e+05|               |  ---  |           0.06|             1.96|
|     4|     7.9101e+05|     6.2289e+05|               |  ---  |           0.08|             1.99|
|      |     7.9101e+05|               |     6.2289e+05|0.00000|           0.09|             2.00|
|      |     7.9101e+05|     8.3047e+05|               |0.00000|           0.09|             2.00|

Number of iterations: 5
Final LBD: 7.9101e+05
Final UBD: 6.2289e+05
Final UBDPB: 8.3047e+05
Final Relative Gap: 0.0000e+00

PP Calls: 1
PBP Calls: 5
FP Calls: 1
RMP Calls: 5
FBBT Calls: 0
OBBT Calls: 0

Model set up + generation time: 1.86

Total Solver Time: 0.09
PP Solver Time: 0.01
PBP Solver Time: 0.03
FP Solver Time: 0.01
RMP Solver Time: 0.05
IG Solver Time: 0.00
FBBT Solver Time: 0.00
OBBT Solver Time: 0.00

Total Wall Time: 2.00
PP Wall Time: 0.01
PBP Wall Time: 0.05
FP Wall Time: 0.02
RMP Wall Time: 0.05
IG Wall Time: 0.00
FBBT Wall Time: 0.00
OBBT Wall Time: 0.00

Best found solution: 
z_b[1][1] = 0.0000
z_b[1][2] = 0.0000
z_b[1][3] = 0.0000
z_b[1][4] = 0.0000
z_b[1][5] = 0.0000
z_b[1][6] = 0.0000
z_b[1][7] = 0.0000
z_b[1][8] = 1.0000
z_b[1][9] = 0.0000
z_b[1][10] = 0.0000
z_b[2][1] = 0.0000
z_b[2][2] = 0.0000
z_b[2][3] = 0.0000
z_b[2][4] = 0.0000
z_b[2][5] = 0.0000
z_b[2][6] = 1.0000
z_b[2][7] = 0.0000
z_b[2][8] = 0.0000
z_b[2][9] = 0.0000
z_b[2][10] = 0.0000
f_renewables[1][1] = 3.9300
f_demand[1][1] = 6.0000
f_PV[1][1] = -0.0000
f_WT[1][1] = 4.1654
f_grid_export[1][1] = 0.2354
f_grid_import[1][1] = 0.0000
f_renewables[1][2] = 3.0700
f_demand[1][2] = 6.0000
f_PV[1][2] = -0.0000
f_WT[1][2] = 5.0000
f_grid_export[1][2] = 1.9300
f_grid_import[1][2] = 0.0000
f_renewables[1][3] = 0.0655
f_demand[1][3] = 6.0000
f_PV[1][3] = -0.0000
f_WT[1][3] = 0.0655
f_grid_export[1][3] = 0.0000
f_grid_import[1][3] = 2.4645
f_renewables[1][4] = 2.0503
f_demand[1][4] = 6.0000
f_PV[1][4] = -0.0000
f_WT[1][4] = 2.0503
f_grid_export[1][4] = 0.0000
f_grid_import[1][4] = 0.9197
f_renewables[1][5] = 1.0509
f_demand[1][5] = 6.0000
f_PV[1][5] = -0.0000
f_WT[1][5] = 1.0509
f_grid_export[1][5] = 0.0000
f_grid_import[1][5] = 2.8791
f_renewables[1][6] = 2.1161
f_demand[1][6] = 6.0000
f_PV[1][6] = -0.0000
f_WT[1][6] = 2.1161
f_grid_export[1][6] = 0.0000
f_grid_import[1][6] = 0.9539
f_renewables[1][7] = -0.0000
f_demand[1][7] = 6.0000
f_PV[1][7] = -0.0000
f_WT[1][7] = -0.0000
f_grid_export[1][7] = -0.0000
f_grid_import[1][7] = 2.5300
f_renewables[1][8] = 0.4729
f_demand[1][8] = 6.0000
f_PV[1][8] = -0.0000
f_WT[1][8] = 0.4729
f_grid_export[1][8] = 0.0000
f_grid_import[1][8] = 2.4971
f_renewables[1][9] = 3.9300
f_demand[1][9] = 6.0000
f_PV[1][9] = -0.0000
f_WT[1][9] = 5.0000
f_grid_export[1][9] = 1.0700
f_grid_import[1][9] = 0.0000
f_renewables[1][10] = 3.0700
f_demand[1][10] = 6.0000
f_PV[1][10] = -0.0000
f_WT[1][10] = 5.0000
f_grid_export[1][10] = 1.9300
f_grid_import[1][10] = 0.0000
f_renewables[1][11] = 0.3478
f_demand[1][11] = 6.0000
f_PV[1][11] = -0.0000
f_WT[1][11] = 0.3478
f_grid_export[1][11] = 0.0000
f_grid_import[1][11] = 2.1822
f_renewables[1][12] = 2.9700
f_demand[1][12] = 6.0000
f_PV[1][12] = -0.0000
f_WT[1][12] = 5.0000
f_grid_export[1][12] = 2.0300
f_grid_import[1][12] = 0.0000
f_renewables[2][1] = 3.8600
f_demand[2][1] = 6.0000
f_PV[2][1] = -0.0000
f_WT[2][1] = 5.0000
f_grid_export[2][1] = 1.1400
f_grid_import[2][1] = 0.0000
f_renewables[2][2] = 3.0000
f_demand[2][2] = 6.0000
f_PV[2][2] = -0.0000
f_WT[2][2] = 4.4564
f_grid_export[2][2] = 1.4564
f_grid_import[2][2] = 0.0000
f_renewables[2][3] = 0.2595
f_demand[2][3] = 6.0000
f_PV[2][3] = -0.0000
f_WT[2][3] = 0.2595
f_grid_export[2][3] = 0.0000
f_grid_import[2][3] = 2.2305
f_renewables[2][4] = 1.2274
f_demand[2][4] = 6.0000
f_PV[2][4] = -0.0000
f_WT[2][4] = 1.2274
f_grid_export[2][4] = 0.0000
f_grid_import[2][4] = 1.6626
f_renewables[2][5] = 1.3413
f_demand[2][5] = 6.0000
f_PV[2][5] = -0.0000
f_WT[2][5] = 1.3413
f_grid_export[2][5] = 0.0000
f_grid_import[2][5] = 2.5187
f_renewables[2][6] = 1.1346
f_demand[2][6] = 6.0000
f_PV[2][6] = -0.0000
f_WT[2][6] = 1.1346
f_grid_export[2][6] = 0.0000
f_grid_import[2][6] = 1.8654
f_renewables[2][7] = -0.0000
f_demand[2][7] = 6.0000
f_PV[2][7] = -0.0000
f_WT[2][7] = -0.0000
f_grid_export[2][7] = -0.0000
f_grid_import[2][7] = 2.4900
f_renewables[2][8] = 0.2459
f_demand[2][8] = 6.0000
f_PV[2][8] = -0.0000
f_WT[2][8] = 0.2459
f_grid_export[2][8] = 0.0000
f_grid_import[2][8] = 2.6441
f_renewables[2][9] = 3.8600
f_demand[2][9] = 6.0000
f_PV[2][9] = -0.0000
f_WT[2][9] = 5.0000
f_grid_export[2][9] = 1.1400
f_grid_import[2][9] = 0.0000
f_renewables[2][10] = 3.0000
f_demand[2][10] = 6.0000
f_PV[2][10] = -0.0000
f_WT[2][10] = 5.0000
f_grid_export[2][10] = 2.0000
f_grid_import[2][10] = 0.0000
f_renewables[2][11] = 0.8223
f_demand[2][11] = 6.0000
f_PV[2][11] = -0.0000
f_WT[2][11] = 0.8223
f_grid_export[2][11] = 0.0000
f_grid_import[2][11] = 1.6677
f_renewables[2][12] = 2.8900
f_demand[2][12] = 6.0000
f_PV[2][12] = -0.0000
f_WT[2][12] = 3.2104
f_grid_export[2][12] = 0.3204
f_grid_import[2][12] = 0.0000
f_renewables[3][1] = 3.2783
f_demand[3][1] = 6.0000
f_PV[3][1] = -0.0000
f_WT[3][1] = 3.2783
f_grid_export[3][1] = 0.0000
f_grid_import[3][1] = 0.5017
f_renewables[3][2] = 2.9300
f_demand[3][2] = 6.0000
f_PV[3][2] = -0.0000
f_WT[3][2] = 5.0000
f_grid_export[3][2] = 2.0700
f_grid_import[3][2] = 0.0000
f_renewables[3][3] = 0.2595
f_demand[3][3] = 6.0000
f_PV[3][3] = -0.0000
f_WT[3][3] = 0.2595
f_grid_export[3][3] = 0.0000
f_grid_import[3][3] = 2.1905
f_renewables[3][4] = 2.5892
f_demand[3][4] = 6.0000
f_PV[3][4] = -0.0000
f_WT[3][4] = 2.5892
f_grid_export[3][4] = 0.0000
f_grid_import[3][4] = 0.2408
f_renewables[3][5] = 0.8099
f_demand[3][5] = 6.0000
f_PV[3][5] = -0.0000
f_WT[3][5] = 0.8099
f_grid_export[3][5] = 0.0000
f_grid_import[3][5] = 2.9701
f_renewables[3][6] = 2.5474
f_demand[3][6] = 6.0000
f_PV[3][6] = -0.0000
f_WT[3][6] = 2.5474
f_grid_export[3][6] = 0.0000
f_grid_import[3][6] = 0.3826
f_renewables[3][7] = -0.0000
f_demand[3][7] = 6.0000
f_PV[3][7] = -0.0000
f_WT[3][7] = -0.0000
f_grid_export[3][7] = -0.0000
f_grid_import[3][7] = 2.4500
f_renewables[3][8] = 0.6182
f_demand[3][8] = 6.0000
f_PV[3][8] = -0.0000
f_WT[3][8] = 0.6182
f_grid_export[3][8] = 0.0000
f_grid_import[3][8] = 2.2118
f_renewables[3][9] = 3.7800
f_demand[3][9] = 6.0000
f_PV[3][9] = -0.0000
f_WT[3][9] = 5.0000
f_grid_export[3][9] = 1.2200
f_grid_import[3][9] = 0.0000
f_renewables[3][10] = 2.9300
f_demand[3][10] = 6.0000
f_PV[3][10] = -0.0000
f_WT[3][10] = 5.0000
f_grid_export[3][10] = 2.0700
f_grid_import[3][10] = 0.0000
f_renewables[3][11] = 0.8223
f_demand[3][11] = 6.0000
f_PV[3][11] = -0.0000
f_WT[3][11] = 0.8223
f_grid_export[3][11] = 0.0000
f_grid_import[3][11] = 1.6277
f_renewables[3][12] = 2.8300
f_demand[3][12] = 6.0000
f_PV[3][12] = -0.0000
f_WT[3][12] = 5.0000
f_grid_export[3][12] = 2.1700
f_grid_import[3][12] = 0.0000
f_renewables[4][1] = 3.7000
f_demand[4][1] = 6.0000
f_PV[4][1] = -0.0000
f_WT[4][1] = 4.1654
f_grid_export[4][1] = 0.4654
f_grid_import[4][1] = 0.0000
f_renewables[4][2] = 2.9100
f_demand[4][2] = 6.0000
f_PV[4][2] = -0.0000
f_WT[4][2] = 5.0000
f_grid_export[4][2] = 2.0900
f_grid_import[4][2] = 0.0000
f_renewables[4][3] = 0.2595
f_demand[4][3] = 6.0000
f_PV[4][3] = -0.0000
f_WT[4][3] = 0.2595
f_grid_export[4][3] = 0.0000
f_grid_import[4][3] = 2.2205
f_renewables[4][4] = 2.8600
f_demand[4][4] = 6.0000
f_PV[4][4] = -0.0000
f_WT[4][4] = 4.8226
f_grid_export[4][4] = 1.9626
f_grid_import[4][4] = 0.0000
f_renewables[4][5] = 1.0509
f_demand[4][5] = 6.0000
f_PV[4][5] = -0.0000
f_WT[4][5] = 1.0509
f_grid_export[4][5] = 0.0000
f_grid_import[4][5] = 2.6491
f_renewables[4][6] = 2.1161
f_demand[4][6] = 6.0000
f_PV[4][6] = -0.0000
f_WT[4][6] = 2.1161
f_grid_export[4][6] = 0.0000
f_grid_import[4][6] = 0.7939
f_renewables[4][7] = -0.0000
f_demand[4][7] = 6.0000
f_PV[4][7] = -0.0000
f_WT[4][7] = -0.0000
f_grid_export[4][7] = -0.0000
f_grid_import[4][7] = 2.4800
f_renewables[4][8] = 1.2327
f_demand[4][8] = 6.0000
f_PV[4][8] = -0.0000
f_WT[4][8] = 1.2327
f_grid_export[4][8] = 0.0000
f_grid_import[4][8] = 1.6273
f_renewables[4][9] = 3.7000
f_demand[4][9] = 6.0000
f_PV[4][9] = -0.0000
f_WT[4][9] = 5.0000
f_grid_export[4][9] = 1.3000
f_grid_import[4][9] = 0.0000
f_renewables[4][10] = 2.9100
f_demand[4][10] = 6.0000
f_PV[4][10] = -0.0000
f_WT[4][10] = 5.0000
f_grid_export[4][10] = 2.0900
f_grid_import[4][10] = 0.0000
f_renewables[4][11] = 0.8223
f_demand[4][11] = 6.0000
f_PV[4][11] = -0.0000
f_WT[4][11] = 0.8223
f_grid_export[4][11] = 0.0000
f_grid_import[4][11] = 1.6577
f_renewables[4][12] = 2.8600
f_demand[4][12] = 6.0000
f_PV[4][12] = -0.0000
f_WT[4][12] = 5.0000
f_grid_export[4][12] = 2.1400
f_grid_import[4][12] = 0.0000
f_renewables[5][1] = 3.5800
f_demand[5][1] = 6.0000
f_PV[5][1] = -0.0000
f_WT[5][1] = 5.0000
f_grid_export[5][1] = 1.4200
f_grid_import[5][1] = 0.0000
f_renewables[5][2] = 2.8578
f_demand[5][2] = 6.0000
f_PV[5][2] = -0.0000
f_WT[5][2] = 2.8578
f_grid_export[5][2] = 0.0000
f_grid_import[5][2] = 0.3122
f_renewables[5][3] = 0.5765
f_demand[5][3] = 6.0000
f_PV[5][3] = -0.0000
f_WT[5][3] = 0.5765
f_grid_export[5][3] = 0.0000
f_grid_import[5][3] = 2.2335
f_renewables[5][4] = 2.5892
f_demand[5][4] = 6.0000
f_PV[5][4] = -0.0000
f_WT[5][4] = 2.5892
f_grid_export[5][4] = 0.0000
f_grid_import[5][4] = 0.5708
f_renewables[5][5] = 1.3413
f_demand[5][5] = 6.0000
f_PV[5][5] = -0.0000
f_WT[5][5] = 1.3413
f_grid_export[5][5] = 0.0000
f_grid_import[5][5] = 2.2387
f_renewables[5][6] = 0.6952
f_demand[5][6] = 6.0000
f_PV[5][6] = -0.0000
f_WT[5][6] = 0.6952
f_grid_export[5][6] = 0.0000
f_grid_import[5][6] = 2.4748
f_renewables[5][7] = 0.0655
f_demand[5][7] = 6.0000
f_PV[5][7] = -0.0000
f_WT[5][7] = 0.0655
f_grid_export[5][7] = 0.0000
f_grid_import[5][7] = 2.7445
f_renewables[5][8] = 0.6182
f_demand[5][8] = 6.0000
f_PV[5][8] = -0.0000
f_WT[5][8] = 0.6182
f_grid_export[5][8] = 0.0000
f_grid_import[5][8] = 2.5418
f_renewables[5][9] = 3.5800
f_demand[5][9] = 6.0000
f_PV[5][9] = -0.0000
f_WT[5][9] = 5.0000
f_grid_export[5][9] = 1.4200
f_grid_import[5][9] = 0.0000
f_renewables[5][10] = 3.1700
f_demand[5][10] = 6.0000
f_PV[5][10] = -0.0000
f_WT[5][10] = 5.0000
f_grid_export[5][10] = 1.8300
f_grid_import[5][10] = 0.0000
f_renewables[5][11] = 1.6002
f_demand[5][11] = 6.0000
f_PV[5][11] = -0.0000
f_WT[5][11] = 1.6002
f_grid_export[5][11] = 0.0000
f_grid_import[5][11] = 1.2098
f_renewables[5][12] = 3.1600
f_demand[5][12] = 6.0000
f_PV[5][12] = -0.0000
f_WT[5][12] = 5.0000
f_grid_export[5][12] = 1.8400
f_grid_import[5][12] = 0.0000
f_renewables[6][1] = 3.6100
f_demand[6][1] = 6.0000
f_PV[6][1] = -0.0000
f_WT[6][1] = 4.1654
f_grid_export[6][1] = 0.5554
f_grid_import[6][1] = 0.0000
f_renewables[6][2] = 0.7194
f_demand[6][2] = 6.0000
f_PV[6][2] = 0.0280
f_WT[6][2] = 0.6914
f_grid_export[6][2] = -0.0000
f_grid_import[6][2] = 2.9406
f_renewables[6][3] = 0.3365
f_demand[6][3] = 6.0000
f_PV[6][3] = 0.0770
f_WT[6][3] = 0.2595
f_grid_export[6][3] = -0.0000
f_grid_import[6][3] = 2.9835
f_renewables[6][4] = 2.0503
f_demand[6][4] = 6.0000
f_PV[6][4] = -0.0000
f_WT[6][4] = 2.0503
f_grid_export[6][4] = 0.0000
f_grid_import[6][4] = 1.6297
f_renewables[6][5] = 1.0509
f_demand[6][5] = 6.0000
f_PV[6][5] = -0.0000
f_WT[6][5] = 1.0509
f_grid_export[6][5] = 0.0000
f_grid_import[6][5] = 2.5591
f_renewables[6][6] = 0.1324
f_demand[6][6] = 6.0000
f_PV[6][6] = 0.0350
f_WT[6][6] = 0.0974
f_grid_export[6][6] = -0.0000
f_grid_import[6][6] = 3.5276
f_renewables[6][7] = 0.1050
f_demand[6][7] = 6.0000
f_PV[6][7] = 0.1050
f_WT[6][7] = -0.0000
f_grid_export[6][7] = -0.0000
f_grid_import[6][7] = 3.2150
f_renewables[6][8] = 0.4729
f_demand[6][8] = 6.0000
f_PV[6][8] = -0.0000
f_WT[6][8] = 0.4729
f_grid_export[6][8] = 0.0000
f_grid_import[6][8] = 3.2071
f_renewables[6][9] = 3.6100
f_demand[6][9] = 6.0000
f_PV[6][9] = -0.0000
f_WT[6][9] = 5.0000
f_grid_export[6][9] = 1.3900
f_grid_import[6][9] = 0.0000
f_renewables[6][10] = 1.9089
f_demand[6][10] = 6.0000
f_PV[6][10] = 0.0210
f_WT[6][10] = 1.8879
f_grid_export[6][10] = -0.0000
f_grid_import[6][10] = 1.7511
f_renewables[6][11] = 0.8713
f_demand[6][11] = 6.0000
f_PV[6][11] = 0.0490
f_WT[6][11] = 0.8223
f_grid_export[6][11] = -0.0000
f_grid_import[6][11] = 2.4487
f_renewables[6][12] = 3.6800
f_demand[6][12] = 6.0000
f_PV[6][12] = -0.0000
f_WT[6][12] = 5.0000
f_grid_export[6][12] = 1.3200
f_grid_import[6][12] = 0.0000
f_renewables[7][1] = 3.2783
f_demand[7][1] = 6.0000
f_PV[7][1] = -0.0000
f_WT[7][1] = 3.2783
f_grid_export[7][1] = 0.0000
f_grid_import[7][1] = 0.6817
f_renewables[7][2] = 1.9088
f_demand[7][2] = 6.0000
f_PV[7][2] = 0.1750
f_WT[7][2] = 1.7338
f_grid_export[7][2] = -0.0000
f_grid_import[7][2] = 2.0912
f_renewables[7][3] = 0.6935
f_demand[7][3] = 6.0000
f_PV[7][3] = 0.2940
f_WT[7][3] = 0.3995
f_grid_export[7][3] = -0.0000
f_grid_import[7][3] = 2.9865
f_renewables[7][4] = 4.0400
f_demand[7][4] = 6.0000
f_PV[7][4] = 0.0070
f_WT[7][4] = 4.8226
f_grid_export[7][4] = 0.7896
f_grid_import[7][4] = 0.0000
f_renewables[7][5] = 0.8099
f_demand[7][5] = 6.0000
f_PV[7][5] = -0.0000
f_WT[7][5] = 0.8099
f_grid_export[7][5] = 0.0000
f_grid_import[7][5] = 3.1501
f_renewables[7][6] = 0.6208
f_demand[7][6] = 6.0000
f_PV[7][6] = 0.2380
f_WT[7][6] = 0.3828
f_grid_export[7][6] = -0.0000
f_grid_import[7][6] = 3.3792
f_renewables[7][7] = 0.4161
f_demand[7][7] = 6.0000
f_PV[7][7] = 0.3990
f_WT[7][7] = 0.0171
f_grid_export[7][7] = -0.0000
f_grid_import[7][7] = 3.2639
f_renewables[7][8] = 1.2397
f_demand[7][8] = 6.0000
f_PV[7][8] = 0.0070
f_WT[7][8] = 1.2327
f_grid_export[7][8] = -0.0000
f_grid_import[7][8] = 2.8003
f_renewables[7][9] = 3.9600
f_demand[7][9] = 6.0000
f_PV[7][9] = -0.0000
f_WT[7][9] = 5.0000
f_grid_export[7][9] = 1.0400
f_grid_import[7][9] = 0.0000
f_renewables[7][10] = 4.0000
f_demand[7][10] = 6.0000
f_PV[7][10] = 0.1120
f_WT[7][10] = 4.4445
f_grid_export[7][10] = 0.5565
f_grid_import[7][10] = 0.0000
f_renewables[7][11] = 1.3540
f_demand[7][11] = 6.0000
f_PV[7][11] = 0.1890
f_WT[7][11] = 1.1650
f_grid_export[7][11] = -0.0000
f_grid_import[7][11] = 2.3260
f_renewables[7][12] = 4.0400
f_demand[7][12] = 6.0000
f_PV[7][12] = 0.0070
f_WT[7][12] = 5.0000
f_grid_export[7][12] = 0.9670
f_grid_import[7][12] = 0.0000
f_renewables[8][1] = 4.4100
f_demand[8][1] = 6.0000
f_PV[8][1] = 0.0350
f_WT[8][1] = 5.0000
f_grid_export[8][1] = 0.6250
f_grid_import[8][1] = 0.0000
f_renewables[8][2] = 2.0136
f_demand[8][2] = 6.0000
f_PV[8][2] = 0.7000
f_WT[8][2] = 1.3136
f_grid_export[8][2] = -0.0000
f_grid_import[8][2] = 2.1764
f_renewables[8][3] = 1.9264
f_demand[8][3] = 6.0000
f_PV[8][3] = 0.8610
f_WT[8][3] = 1.0654
f_grid_export[8][3] = -0.0000
f_grid_import[8][3] = 1.9636
f_renewables[8][4] = 2.7642
f_demand[8][4] = 6.0000
f_PV[8][4] = 0.1750
f_WT[8][4] = 2.5892
f_grid_export[8][4] = -0.0000
f_grid_import[8][4] = 1.4558
f_renewables[8][5] = 1.3903
f_demand[8][5] = 6.0000
f_PV[8][5] = 0.0490
f_WT[8][5] = 1.3413
f_grid_export[8][5] = -0.0000
f_grid_import[8][5] = 3.0197
f_renewables[8][6] = 1.2137
f_demand[8][6] = 6.0000
f_PV[8][6] = 0.9450
f_WT[8][6] = 0.2687
f_grid_export[8][6] = -0.0000
f_grid_import[8][6] = 2.9763
f_renewables[8][7] = 1.3629
f_demand[8][7] = 6.0000
f_PV[8][7] = 1.1620
f_WT[8][7] = 0.2009
f_grid_export[8][7] = -0.0000
f_grid_import[8][7] = 2.5271
f_renewables[8][8] = 0.8562
f_demand[8][8] = 6.0000
f_PV[8][8] = 0.2380
f_WT[8][8] = 0.6182
f_grid_export[8][8] = -0.0000
f_grid_import[8][8] = 3.3638
f_renewables[8][9] = 4.4100
f_demand[8][9] = 6.0000
f_PV[8][9] = 0.0210
f_WT[8][9] = 5.0000
f_grid_export[8][9] = 0.6110
f_grid_import[8][9] = 0.0000
f_renewables[8][10] = 3.8617
f_demand[8][10] = 6.0000
f_PV[8][10] = 0.4550
f_WT[8][10] = 3.4067
f_grid_export[8][10] = -0.0000
f_grid_import[8][10] = 0.3283
f_renewables[8][11] = 3.3733
f_demand[8][11] = 6.0000
f_PV[8][11] = 0.5600
f_WT[8][11] = 2.8133
f_grid_export[8][11] = -0.0000
f_grid_import[8][11] = 0.5167
f_renewables[8][12] = 4.2200
f_demand[8][12] = 6.0000
f_PV[8][12] = 0.1120
f_WT[8][12] = 5.0000
f_grid_export[8][12] = 0.8920
f_grid_import[8][12] = 0.0000
f_renewables[9][1] = 3.6353
f_demand[9][1] = 6.0000
f_PV[9][1] = 0.3570
f_WT[9][1] = 3.2783
f_grid_export[9][1] = -0.0000
f_grid_import[9][1] = 1.0447
f_renewables[9][2] = 2.0059
f_demand[9][2] = 6.0000
f_PV[9][2] = 1.5330
f_WT[9][2] = 0.4729
f_grid_export[9][2] = -0.0000
f_grid_import[9][2] = 2.2741
f_renewables[9][3] = 3.0987
f_demand[9][3] = 6.0000
f_PV[9][3] = 1.7010
f_WT[9][3] = 1.3977
f_grid_export[9][3] = -0.0000
f_grid_import[9][3] = 0.8713
f_renewables[9][4] = 2.8133
f_demand[9][4] = 6.0000
f_PV[9][4] = 0.7630
f_WT[9][4] = 2.0503
f_grid_export[9][4] = -0.0000
f_grid_import[9][4] = 1.5167
f_renewables[9][5] = 1.2929
f_demand[9][5] = 6.0000
f_PV[9][5] = 0.4830
f_WT[9][5] = 0.8099
f_grid_export[9][5] = -0.0000
f_grid_import[9][5] = 3.3871
f_renewables[9][6] = 2.1102
f_demand[9][6] = 6.0000
f_PV[9][6] = 2.0720
f_WT[9][6] = 0.0382
f_grid_export[9][6] = -0.0000
f_grid_import[9][6] = 2.1698
f_renewables[9][7] = 2.5884
f_demand[9][7] = 6.0000
f_PV[9][7] = 2.2960
f_WT[9][7] = 0.2924
f_grid_export[9][7] = -0.0000
f_grid_import[9][7] = 1.3816
f_renewables[9][8] = 1.5019
f_demand[9][8] = 6.0000
f_PV[9][8] = 1.0290
f_WT[9][8] = 0.4729
f_grid_export[9][8] = -0.0000
f_grid_import[9][8] = 2.8281
f_renewables[9][9] = 4.6800
f_demand[9][9] = 6.0000
f_PV[9][9] = 0.2310
f_WT[9][9] = 5.0000
f_grid_export[9][9] = 0.5510
f_grid_import[9][9] = 0.0000
f_renewables[9][10] = 2.3464
f_demand[9][10] = 6.0000
f_PV[9][10] = 0.9940
f_WT[9][10] = 1.3524
f_grid_export[9][10] = -0.0000
f_grid_import[9][10] = 1.9336
f_renewables[9][11] = 3.9700
f_demand[9][11] = 6.0000
f_PV[9][11] = 1.1060
f_WT[9][11] = 3.6209
f_grid_export[9][11] = 0.7569
f_grid_import[9][11] = 0.0000
f_renewables[9][12] = 4.3300
f_demand[9][12] = 6.0000
f_PV[9][12] = 0.4970
f_WT[9][12] = 5.0000
f_grid_export[9][12] = 1.1670
f_grid_import[9][12] = 0.0000
f_renewables[10][1] = 4.9300
f_demand[10][1] = 6.0000
f_PV[10][1] = 0.9870
f_WT[10][1] = 4.1654
f_grid_export[10][1] = 0.2224
f_grid_import[10][1] = 0.0000
f_renewables[10][2] = 3.4655
f_demand[10][2] = 6.0000
f_PV[10][2] = 2.4990
f_WT[10][2] = 0.9665
f_grid_export[10][2] = -0.0000
f_grid_import[10][2] = 0.8445
f_renewables[10][3] = 4.0200
f_demand[10][3] = 6.0000
f_PV[10][3] = 2.6600
f_WT[10][3] = 2.8222
f_grid_export[10][3] = 1.4622
f_grid_import[10][3] = 0.0000
f_renewables[10][4] = 3.5763
f_demand[10][4] = 6.0000
f_PV[10][4] = 1.5260
f_WT[10][4] = 2.0503
f_grid_export[10][4] = -0.0000
f_grid_import[10][4] = 0.7937
f_renewables[10][5] = 2.3809
f_demand[10][5] = 6.0000
f_PV[10][5] = 1.3300
f_WT[10][5] = 1.0509
f_grid_export[10][5] = -0.0000
f_grid_import[10][5] = 2.5491
f_renewables[10][6] = 3.5470
f_demand[10][6] = 6.0000
f_PV[10][6] = 3.3740
f_WT[10][6] = 0.1730
f_grid_export[10][6] = -0.0000
f_grid_import[10][6] = 0.7630
f_renewables[10][7] = 4.0200
f_demand[10][7] = 6.0000
f_PV[10][7] = 3.5910
f_WT[10][7] = 0.6839
f_grid_export[10][7] = 0.2549
f_grid_import[10][7] = 0.0000
f_renewables[10][8] = 2.5309
f_demand[10][8] = 6.0000
f_PV[10][8] = 2.0580
f_WT[10][8] = 0.4729
f_grid_export[10][8] = -0.0000
f_grid_import[10][8] = 1.8391
f_renewables[10][9] = 4.9300
f_demand[10][9] = 6.0000
f_PV[10][9] = 0.6440
f_WT[10][9] = 5.0000
f_grid_export[10][9] = 0.7140
f_grid_import[10][9] = 0.0000
f_renewables[10][10] = 4.1881
f_demand[10][10] = 6.0000
f_PV[10][10] = 1.6240
f_WT[10][10] = 2.5641
f_grid_export[10][10] = -0.0000
f_grid_import[10][10] = 0.1219
f_renewables[10][11] = 4.0200
f_demand[10][11] = 6.0000
f_PV[10][11] = 1.7290
f_WT[10][11] = 5.0000
f_grid_export[10][11] = 2.7090
f_grid_import[10][11] = 0.0000
f_renewables[10][12] = 4.3700
f_demand[10][12] = 6.0000
f_PV[10][12] = 0.9940
f_WT[10][12] = 5.0000
f_grid_export[10][12] = 1.6240
f_grid_import[10][12] = 0.0000
f_renewables[11][1] = 5.0400
f_demand[11][1] = 6.0000
f_PV[11][1] = 1.4770
f_WT[11][1] = 4.1654
f_grid_export[11][1] = 0.6024
f_grid_import[11][1] = 0.0000
f_renewables[11][2] = 3.6999
f_demand[11][2] = 6.0000
f_PV[11][2] = 3.2270
f_WT[11][2] = 0.4729
f_grid_export[11][2] = -0.0000
f_grid_import[11][2] = 0.6101
f_renewables[11][3] = 4.0300
f_demand[11][3] = 6.0000
f_PV[11][3] = 3.4790
f_WT[11][3] = 3.4772
f_grid_export[11][3] = 2.9262
f_grid_import[11][3] = 0.0000
f_renewables[11][4] = 4.3900
f_demand[11][4] = 6.0000
f_PV[11][4] = 2.1840
f_WT[11][4] = 4.8226
f_grid_export[11][4] = 2.6166
f_grid_import[11][4] = 0.0000
f_renewables[11][5] = 3.0459
f_demand[11][5] = 6.0000
f_PV[11][5] = 1.9950
f_WT[11][5] = 1.0509
f_grid_export[11][5] = -0.0000
f_grid_import[11][5] = 1.9941
f_renewables[11][6] = 4.3100
f_demand[11][6] = 6.0000
f_PV[11][6] = 4.3540
f_WT[11][6] = 0.0382
f_grid_export[11][6] = 0.0822
f_grid_import[11][6] = 0.0000
f_renewables[11][7] = 4.0300
f_demand[11][7] = 6.0000
f_PV[11][7] = 4.6970
f_WT[11][7] = 0.8603
f_grid_export[11][7] = 1.5273
f_grid_import[11][7] = 0.0000
f_renewables[11][8] = 4.1797
f_demand[11][8] = 6.0000
f_PV[11][8] = 2.9470
f_WT[11][8] = 1.2327
f_grid_export[11][8] = -0.0000
f_grid_import[11][8] = 0.2103
f_renewables[11][9] = 5.0400
f_demand[11][9] = 6.0000
f_PV[11][9] = 0.9590
f_WT[11][9] = 5.0000
f_grid_export[11][9] = 0.9190
f_grid_import[11][9] = 0.0000
f_renewables[11][10] = 3.4524
f_demand[11][10] = 6.0000
f_PV[11][10] = 2.1000
f_WT[11][10] = 1.3524
f_grid_export[11][10] = -0.0000
f_grid_import[11][10] = 0.8576
f_renewables[11][11] = 4.0300
f_demand[11][11] = 6.0000
f_PV[11][11] = 2.2610
f_WT[11][11] = 5.0000
f_grid_export[11][11] = 3.2310
f_grid_import[11][11] = 0.0000
f_renewables[11][12] = 4.3900
f_demand[11][12] = 6.0000
f_PV[11][12] = 1.4210
f_WT[11][12] = 5.0000
f_grid_export[11][12] = 2.0310
f_grid_import[11][12] = 0.0000
f_renewables[12][1] = 3.2288
f_demand[12][1] = 6.0000
f_PV[12][1] = 1.7850
f_WT[12][1] = 1.4438
f_grid_export[12][1] = -0.0000
f_grid_import[12][1] = 1.8612
f_renewables[12][2] = 4.2500
f_demand[12][2] = 6.0000
f_PV[12][2] = 3.5770
f_WT[12][2] = 0.6914
f_grid_export[12][2] = 0.0184
f_grid_import[12][2] = 0.0000
f_renewables[12][3] = 3.9700
f_demand[12][3] = 6.0000
f_PV[12][3] = 3.9830
f_WT[12][3] = 5.0000
f_grid_export[12][3] = 5.0130
f_grid_import[12][3] = 0.0000
f_renewables[12][4] = 4.3400
f_demand[12][4] = 6.0000
f_PV[12][4] = 2.5760
f_WT[12][4] = 2.0503
f_grid_export[12][4] = 0.2863
f_grid_import[12][4] = 0.0000
f_renewables[12][5] = 2.7126
f_demand[12][5] = 6.0000
f_PV[12][5] = 2.4080
f_WT[12][5] = 0.3046
f_grid_export[12][5] = -0.0000
f_grid_import[12][5] = 2.3774
f_renewables[12][6] = 4.2500
f_demand[12][6] = 6.0000
f_PV[12][6] = 4.8300
f_WT[12][6] = 0.0974
f_grid_export[12][6] = 0.6774
f_grid_import[12][6] = 0.0000
f_renewables[12][7] = 3.9700
f_demand[12][7] = 6.0000
f_PV[12][7] = 5.3760
f_WT[12][7] = 1.3136
f_grid_export[12][7] = 2.7196
f_grid_import[12][7] = 0.0000
f_renewables[12][8] = 3.9519
f_demand[12][8] = 6.0000
f_PV[12][8] = 3.4790
f_WT[12][8] = 0.4729
f_grid_export[12][8] = -0.0000
f_grid_import[12][8] = 0.3881
f_renewables[12][9] = 4.9091
f_demand[12][9] = 6.0000
f_PV[12][9] = 1.1620
f_WT[12][9] = 3.7471
f_grid_export[12][9] = -0.0000
f_grid_import[12][9] = 0.1809
f_renewables[12][10] = 4.2119
f_demand[12][10] = 6.0000
f_PV[12][10] = 2.3240
f_WT[12][10] = 1.8879
f_grid_export[12][10] = -0.0000
f_grid_import[12][10] = 0.0381
f_renewables[12][11] = 3.9700
f_demand[12][11] = 6.0000
f_PV[12][11] = 2.5900
f_WT[12][11] = 5.0000
f_grid_export[12][11] = 3.6200
f_grid_import[12][11] = 0.0000
f_renewables[12][12] = 4.3400
f_demand[12][12] = 6.0000
f_PV[12][12] = 1.6730
f_WT[12][12] = 5.0000
f_grid_export[12][12] = 2.3330
f_grid_import[12][12] = 0.0000
f_renewables[13][1] = 3.2428
f_demand[13][1] = 6.0000
f_PV[13][1] = 1.7990
f_WT[13][1] = 1.4438
f_grid_export[13][1] = -0.0000
f_grid_import[13][1] = 1.8672
f_renewables[13][2] = 3.9421
f_demand[13][2] = 6.0000
f_PV[13][2] = 3.6400
f_WT[13][2] = 0.3021
f_grid_export[13][2] = -0.0000
f_grid_import[13][2] = 0.2479
f_renewables[13][3] = 3.9100
f_demand[13][3] = 6.0000
f_PV[13][3] = 4.1020
f_WT[13][3] = 5.0000
f_grid_export[13][3] = 5.1920
f_grid_import[13][3] = 0.0000
f_renewables[13][4] = 4.2900
f_demand[13][4] = 6.0000
f_PV[13][4] = 2.7090
f_WT[13][4] = 2.5892
f_grid_export[13][4] = 1.0082
f_grid_import[13][4] = 0.0000
f_renewables[13][5] = 2.7336
f_demand[13][5] = 6.0000
f_PV[13][5] = 2.4290
f_WT[13][5] = 0.3046
f_grid_export[13][5] = -0.0000
f_grid_import[13][5] = 2.3764
f_renewables[13][6] = 4.1900
f_demand[13][6] = 6.0000
f_PV[13][6] = 4.9140
f_WT[13][6] = -0.0000
f_grid_export[13][6] = 0.7240
f_grid_import[13][6] = 0.0000
f_renewables[13][7] = 3.9100
f_demand[13][7] = 6.0000
f_PV[13][7] = 5.5370
f_WT[13][7] = 1.5878
f_grid_export[13][7] = 3.2148
f_grid_import[13][7] = 0.0000
f_renewables[13][8] = 4.2722
f_demand[13][8] = 6.0000
f_PV[13][8] = 3.6540
f_WT[13][8] = 0.6182
f_grid_export[13][8] = -0.0000
f_grid_import[13][8] = 0.0178
f_renewables[13][9] = 4.9161
f_demand[13][9] = 6.0000
f_PV[13][9] = 1.1690
f_WT[13][9] = 3.7471
f_grid_export[13][9] = -0.0000
f_grid_import[13][9] = 0.1939
f_renewables[13][10] = 3.2963
f_demand[13][10] = 6.0000
f_PV[13][10] = 2.3660
f_WT[13][10] = 0.9303
f_grid_export[13][10] = -0.0000
f_grid_import[13][10] = 0.8937
f_renewables[13][11] = 3.9100
f_demand[13][11] = 6.0000
f_PV[13][11] = 2.6670
f_WT[13][11] = 5.0000
f_grid_export[13][11] = 3.7570
f_grid_import[13][11] = 0.0000
f_renewables[13][12] = 4.2900
f_demand[13][12] = 6.0000
f_PV[13][12] = 1.7640
f_WT[13][12] = 5.0000
f_grid_export[13][12] = 2.4740
f_grid_import[13][12] = 0.0000
f_renewables[14][1] = 4.8883
f_demand[14][1] = 6.0000
f_PV[14][1] = 1.6100
f_WT[14][1] = 3.2783
f_grid_export[14][1] = -0.0000
f_grid_import[14][1] = 0.1717
f_renewables[14][2] = 3.5604
f_demand[14][2] = 6.0000
f_PV[14][2] = 3.5560
f_WT[14][2] = 0.0044
f_grid_export[14][2] = -0.0000
f_grid_import[14][2] = 0.5796
f_renewables[14][3] = 3.8800
f_demand[14][3] = 6.0000
f_PV[14][3] = 4.1160
f_WT[14][3] = 5.0000
f_grid_export[14][3] = 5.2360
f_grid_import[14][3] = 0.0000
f_renewables[14][4] = 4.2600
f_demand[14][4] = 6.0000
f_PV[14][4] = 2.4780
f_WT[14][4] = 4.8226
f_grid_export[14][4] = 3.0406
f_grid_import[14][4] = 0.0000
f_renewables[14][5] = 2.9869
f_demand[14][5] = 6.0000
f_PV[14][5] = 2.1770
f_WT[14][5] = 0.8099
f_grid_export[14][5] = -0.0000
f_grid_import[14][5] = 2.0731
f_renewables[14][6] = 4.1400
f_demand[14][6] = 6.0000
f_PV[14][6] = 4.8020
f_WT[14][6] = -0.0000
f_grid_export[14][6] = 0.6620
f_grid_import[14][6] = 0.0000
f_renewables[14][7] = 3.8800
f_demand[14][7] = 6.0000
f_PV[14][7] = 5.5580
f_WT[14][7] = 1.5878
f_grid_export[14][7] = 3.2658
f_grid_import[14][7] = 0.0000
f_renewables[14][8] = 4.2600
f_demand[14][8] = 6.0000
f_PV[14][8] = 3.3460
f_WT[14][8] = 1.2327
f_grid_export[14][8] = 0.3187
f_grid_import[14][8] = 0.0000
f_renewables[14][9] = 5.0600
f_demand[14][9] = 6.0000
f_PV[14][9] = 1.0500
f_WT[14][9] = 5.0000
f_grid_export[14][9] = 0.9900
f_grid_import[14][9] = 0.0000
f_renewables[14][10] = 2.5068
f_demand[14][10] = 6.0000
f_PV[14][10] = 2.3100
f_WT[14][10] = 0.1968
f_grid_export[14][10] = -0.0000
f_grid_import[14][10] = 1.6332
f_renewables[14][11] = 3.8800
f_demand[14][11] = 6.0000
f_PV[14][11] = 2.6740
f_WT[14][11] = 5.0000
f_grid_export[14][11] = 3.7940
f_grid_import[14][11] = 0.0000
f_renewables[14][12] = 4.2600
f_demand[14][12] = 6.0000
f_PV[14][12] = 1.6100
f_WT[14][12] = 5.0000
f_grid_export[14][12] = 2.3500
f_grid_import[14][12] = 0.0000
f_renewables[15][1] = 4.4893
f_demand[15][1] = 6.0000
f_PV[15][1] = 1.2110
f_WT[15][1] = 3.2783
f_grid_export[15][1] = -0.0000
f_grid_import[15][1] = 0.5407
f_renewables[15][2] = 4.1800
f_demand[15][2] = 6.0000
f_PV[15][2] = 3.2620
f_WT[15][2] = 0.9665
f_grid_export[15][2] = 0.0485
f_grid_import[15][2] = 0.0000
f_renewables[15][3] = 3.9400
f_demand[15][3] = 6.0000
f_PV[15][3] = 3.9060
f_WT[15][3] = 3.4772
f_grid_export[15][3] = 3.4432
f_grid_import[15][3] = 0.0000
f_renewables[15][4] = 4.3500
f_demand[15][4] = 6.0000
f_PV[15][4] = 2.0930
f_WT[15][4] = 3.9637
f_grid_export[15][4] = 1.7067
f_grid_import[15][4] = 0.0000
f_renewables[15][5] = 2.4479
f_demand[15][5] = 6.0000
f_PV[15][5] = 1.6380
f_WT[15][5] = 0.8099
f_grid_export[15][5] = -0.0000
f_grid_import[15][5] = 2.5821
f_renewables[15][6] = 4.1800
f_demand[15][6] = 6.0000
f_PV[15][6] = 4.4030
f_WT[15][6] = 0.1730
f_grid_export[15][6] = 0.3960
f_grid_import[15][6] = 0.0000
f_renewables[15][7] = 3.9400
f_demand[15][7] = 6.0000
f_PV[15][7] = 5.2710
f_WT[15][7] = 0.8603
f_grid_export[15][7] = 2.1913
f_grid_import[15][7] = 0.0000
f_renewables[15][8] = 3.8222
f_demand[15][8] = 6.0000
f_PV[15][8] = 2.8280
f_WT[15][8] = 0.9942
f_grid_export[15][8] = -0.0000
f_grid_import[15][8] = 0.5278
f_renewables[15][9] = 5.0300
f_demand[15][9] = 6.0000
f_PV[15][9] = 0.7840
f_WT[15][9] = 5.0000
f_grid_export[15][9] = 0.7540
f_grid_import[15][9] = 0.0000
f_renewables[15][10] = 4.1800
f_demand[15][10] = 6.0000
f_PV[15][10] = 2.1210
f_WT[15][10] = 2.5641
f_grid_export[15][10] = 0.5051
f_grid_import[15][10] = 0.0000
f_renewables[15][11] = 3.9400
f_demand[15][11] = 6.0000
f_PV[15][11] = 2.5410
f_WT[15][11] = 5.0000
f_grid_export[15][11] = 3.6010
f_grid_import[15][11] = 0.0000
f_renewables[15][12] = 4.3500
f_demand[15][12] = 6.0000
f_PV[15][12] = 1.3580
f_WT[15][12] = 5.0000
f_grid_export[15][12] = 2.0080
f_grid_import[15][12] = 0.0000
f_renewables[16][1] = 2.0668
f_demand[16][1] = 6.0000
f_PV[16][1] = 0.6230
f_WT[16][1] = 1.4438
f_grid_export[16][1] = -0.0000
f_grid_import[16][1] = 2.9732
f_renewables[16][2] = 3.1889
f_demand[16][2] = 6.0000
f_PV[16][2] = 2.7160
f_WT[16][2] = 0.4729
f_grid_export[16][2] = -0.0000
f_grid_import[16][2] = 1.0711
f_renewables[16][3] = 3.9700
f_demand[16][3] = 6.0000
f_PV[16][3] = 3.3880
f_WT[16][3] = 2.8222
f_grid_export[16][3] = 2.2402
f_grid_import[16][3] = 0.0000
f_renewables[16][4] = 4.1222
f_demand[16][4] = 6.0000
f_PV[16][4] = 1.5330
f_WT[16][4] = 2.5892
f_grid_export[16][4] = -0.0000
f_grid_import[16][4] = 0.4478
f_renewables[16][5] = 1.1446
f_demand[16][5] = 6.0000
f_PV[16][5] = 0.8400
f_WT[16][5] = 0.3046
f_grid_export[16][5] = -0.0000
f_grid_import[16][5] = 3.8954
f_renewables[16][6] = 3.7062
f_demand[16][6] = 6.0000
f_PV[16][6] = 3.6680
f_WT[16][6] = 0.0382
f_grid_export[16][6] = -0.0000
f_grid_import[16][6] = 0.5538
f_renewables[16][7] = 3.9700
f_demand[16][7] = 6.0000
f_PV[16][7] = 4.5710
f_WT[16][7] = 0.6839
f_grid_export[16][7] = 1.2849
f_grid_import[16][7] = 0.0000
f_renewables[16][8] = 2.6902
f_demand[16][8] = 6.0000
f_PV[16][8] = 2.0720
f_WT[16][8] = 0.6182
f_grid_export[16][8] = -0.0000
f_grid_import[16][8] = 1.8798
f_renewables[16][9] = 4.1531
f_demand[16][9] = 6.0000
f_PV[16][9] = 0.4060
f_WT[16][9] = 3.7471
f_grid_export[16][9] = -0.0000
f_grid_import[16][9] = 0.8869
f_renewables[16][10] = 3.1164
f_demand[16][10] = 6.0000
f_PV[16][10] = 1.7640
f_WT[16][10] = 1.3524
f_grid_export[16][10] = -0.0000
f_grid_import[16][10] = 1.1436
f_renewables[16][11] = 3.9700
f_demand[16][11] = 6.0000
f_PV[16][11] = 2.2050
f_WT[16][11] = 5.0000
f_grid_export[16][11] = 3.2350
f_grid_import[16][11] = 0.0000
f_renewables[16][12] = 4.5700
f_demand[16][12] = 6.0000
f_PV[16][12] = 0.9940
f_WT[16][12] = 5.0000
f_grid_export[16][12] = 1.4240
f_grid_import[16][12] = 0.0000
f_renewables[17][1] = 0.9055
f_demand[17][1] = 6.0000
f_PV[17][1] = 0.1680
f_WT[17][1] = 0.7375
f_grid_export[17][1] = -0.0000
f_grid_import[17][1] = 4.4045
f_renewables[17][2] = 3.0385
f_demand[17][2] = 6.0000
f_PV[17][2] = 2.0720
f_WT[17][2] = 0.9665
f_grid_export[17][2] = -0.0000
f_grid_import[17][2] = 1.2115
f_renewables[17][3] = 3.8500
f_demand[17][3] = 6.0000
f_PV[17][3] = 2.7650
f_WT[17][3] = 3.4772
f_grid_export[17][3] = 2.3922
f_grid_import[17][3] = 0.0000
f_renewables[17][4] = 3.5412
f_demand[17][4] = 6.0000
f_PV[17][4] = 0.9520
f_WT[17][4] = 2.5892
f_grid_export[17][4] = -0.0000
f_grid_import[17][4] = 1.1788
f_renewables[17][5] = 0.3343
f_demand[17][5] = 6.0000
f_PV[17][5] = 0.2240
f_WT[17][5] = 0.1103
f_grid_export[17][5] = -0.0000
f_grid_import[17][5] = 4.9757
f_renewables[17][6] = 2.9730
f_demand[17][6] = 6.0000
f_PV[17][6] = 2.8000
f_WT[17][6] = 0.1730
f_grid_export[17][6] = -0.0000
f_grid_import[17][6] = 1.2770
f_renewables[17][7] = 3.8500
f_demand[17][7] = 6.0000
f_PV[17][7] = 3.7310
f_WT[17][7] = 0.8603
f_grid_export[17][7] = 0.7413
f_grid_import[17][7] = 0.0000
f_renewables[17][8] = 1.9062
f_demand[17][8] = 6.0000
f_PV[17][8] = 1.2880
f_WT[17][8] = 0.6182
f_grid_export[17][8] = -0.0000
f_grid_import[17][8] = 2.8138
f_renewables[17][9] = 2.1049
f_demand[17][9] = 6.0000
f_PV[17][9] = 0.1120
f_WT[17][9] = 1.9929
f_grid_export[17][9] = -0.0000
f_grid_import[17][9] = 3.2051
f_renewables[17][10] = 3.9081
f_demand[17][10] = 6.0000
f_PV[17][10] = 1.3440
f_WT[17][10] = 2.5641
f_grid_export[17][10] = -0.0000
f_grid_import[17][10] = 0.3419
f_renewables[17][11] = 3.8500
f_demand[17][11] = 6.0000
f_PV[17][11] = 1.7990
f_WT[17][11] = 5.0000
f_grid_export[17][11] = 2.9490
f_grid_import[17][11] = 0.0000
f_renewables[17][12] = 4.7200
f_demand[17][12] = 6.0000
f_PV[17][12] = 0.6160
f_WT[17][12] = 5.0000
f_grid_export[17][12] = 0.8960
f_grid_import[17][12] = 0.0000
f_renewables[18][1] = 2.5614
f_demand[18][1] = 6.0000
f_PV[18][1] = 0.0140
f_WT[18][1] = 2.5474
f_grid_export[18][1] = -0.0000
f_grid_import[18][1] = 3.0186
f_renewables[18][2] = 1.8029
f_demand[18][2] = 6.0000
f_PV[18][2] = 1.3300
f_WT[18][2] = 0.4729
f_grid_export[18][2] = -0.0000
f_grid_import[18][2] = 2.4871
f_renewables[18][3] = 3.7200
f_demand[18][3] = 6.0000
f_PV[18][3] = 1.9670
f_WT[18][3] = 3.4772
f_grid_export[18][3] = 1.7242
f_grid_import[18][3] = 0.0000
f_renewables[18][4] = 1.7244
f_demand[18][4] = 6.0000
f_PV[18][4] = 0.4970
f_WT[18][4] = 1.2274
f_grid_export[18][4] = -0.0000
f_grid_import[18][4] = 2.9556
f_renewables[18][5] = 0.6287
f_demand[18][5] = 6.0000
f_PV[18][5] = 0.0210
f_WT[18][5] = 0.6077
f_grid_export[18][5] = -0.0000
f_grid_import[18][5] = 4.9513
f_renewables[18][6] = 1.8372
f_demand[18][6] = 6.0000
f_PV[18][6] = 1.7990
f_WT[18][6] = 0.0382
f_grid_export[18][6] = -0.0000
f_grid_import[18][6] = 2.4528
f_renewables[18][7] = 3.5133
f_demand[18][7] = 6.0000
f_PV[18][7] = 2.6530
f_WT[18][7] = 0.8603
f_grid_export[18][7] = -0.0000
f_grid_import[18][7] = 0.2067
f_renewables[18][8] = 0.9179
f_demand[18][8] = 6.0000
f_PV[18][8] = 0.6720
f_WT[18][8] = 0.2459
f_grid_export[18][8] = -0.0000
f_grid_import[18][8] = 3.7621
f_renewables[18][9] = 5.0070
f_demand[18][9] = 6.0000
f_PV[18][9] = 0.0070
f_WT[18][9] = 5.0000
f_grid_export[18][9] = -0.0000
f_grid_import[18][9] = 0.5730
f_renewables[18][10] = 2.2204
f_demand[18][10] = 6.0000
f_PV[18][10] = 0.8680
f_WT[18][10] = 1.3524
f_grid_export[18][10] = -0.0000
f_grid_import[18][10] = 2.0696
f_renewables[18][11] = 3.7200
f_demand[18][11] = 6.0000
f_PV[18][11] = 1.2810
f_WT[18][11] = 5.0000
f_grid_export[18][11] = 2.5610
f_grid_import[18][11] = 0.0000
f_renewables[18][12] = 3.5324
f_demand[18][12] = 6.0000
f_PV[18][12] = 0.3220
f_WT[18][12] = 3.2104
f_grid_export[18][12] = -0.0000
f_grid_import[18][12] = 1.1476
f_renewables[19][1] = 4.1654
f_demand[19][1] = 6.0000
f_PV[19][1] = -0.0000
f_WT[19][1] = 4.1654
f_grid_export[19][1] = 0.0000
f_grid_import[19][1] = 1.3546
f_renewables[19][2] = 1.3354
f_demand[19][2] = 6.0000
f_PV[19][2] = 0.6440
f_WT[19][2] = 0.6914
f_grid_export[19][2] = -0.0000
f_grid_import[19][2] = 2.9546
f_renewables[19][3] = 1.4145
f_demand[19][3] = 6.0000
f_PV[19][3] = 1.1550
f_WT[19][3] = 0.2595
f_grid_export[19][3] = -0.0000
f_grid_import[19][3] = 2.2155
f_renewables[19][4] = 0.8197
f_demand[19][4] = 6.0000
f_PV[19][4] = 0.1470
f_WT[19][4] = 0.6727
f_grid_export[19][4] = -0.0000
f_grid_import[19][4] = 3.6503
f_renewables[19][5] = 1.0509
f_demand[19][5] = 6.0000
f_PV[19][5] = -0.0000
f_WT[19][5] = 1.0509
f_grid_export[19][5] = 0.0000
f_grid_import[19][5] = 4.4691
f_renewables[19][6] = 0.9654
f_demand[19][6] = 6.0000
f_PV[19][6] = 0.8680
f_WT[19][6] = 0.0974
f_grid_export[19][6] = -0.0000
f_grid_import[19][6] = 3.3246
f_renewables[19][7] = 1.5610
f_demand[19][7] = 6.0000
f_PV[19][7] = 1.5610
f_WT[19][7] = -0.0000
f_grid_export[19][7] = -0.0000
f_grid_import[19][7] = 2.0690
f_renewables[19][8] = 0.2886
f_demand[19][8] = 6.0000
f_PV[19][8] = 0.1960
f_WT[19][8] = 0.0926
f_grid_export[19][8] = -0.0000
f_grid_import[19][8] = 4.1814
f_renewables[19][9] = 5.0000
f_demand[19][9] = 6.0000
f_PV[19][9] = -0.0000
f_WT[19][9] = 5.0000
f_grid_export[19][9] = 0.0000
f_grid_import[19][9] = 0.5200
f_renewables[19][10] = 2.3079
f_demand[19][10] = 6.0000
f_PV[19][10] = 0.4200
f_WT[19][10] = 1.8879
f_grid_export[19][10] = -0.0000
f_grid_import[19][10] = 1.9821
f_renewables[19][11] = 1.5713
f_demand[19][11] = 6.0000
f_PV[19][11] = 0.7490
f_WT[19][11] = 0.8223
f_grid_export[19][11] = -0.0000
f_grid_import[19][11] = 2.0587
f_renewables[19][12] = 1.9382
f_demand[19][12] = 6.0000
f_PV[19][12] = 0.0980
f_WT[19][12] = 1.8402
f_grid_export[19][12] = -0.0000
f_grid_import[19][12] = 2.5318
f_renewables[20][1] = 3.2783
f_demand[20][1] = 6.0000
f_PV[20][1] = -0.0000
f_WT[20][1] = 3.2783
f_grid_export[20][1] = 0.0000
f_grid_import[20][1] = 2.0117
f_renewables[20][2] = 3.7858
f_demand[20][2] = 6.0000
f_PV[20][2] = 0.1960
f_WT[20][2] = 3.5898
f_grid_export[20][2] = -0.0000
f_grid_import[20][2] = 0.3642
f_renewables[20][3] = 0.5345
f_demand[20][3] = 6.0000
f_PV[20][3] = 0.4690
f_WT[20][3] = 0.0655
f_grid_export[20][3] = -0.0000
f_grid_import[20][3] = 3.0655
f_renewables[20][4] = 0.6867
f_demand[20][4] = 6.0000
f_PV[20][4] = 0.0140
f_WT[20][4] = 0.6727
f_grid_export[20][4] = -0.0000
f_grid_import[20][4] = 3.4933
f_renewables[20][5] = 0.8099
f_demand[20][5] = 6.0000
f_PV[20][5] = -0.0000
f_WT[20][5] = 0.8099
f_grid_export[20][5] = 0.0000
f_grid_import[20][5] = 4.4801
f_renewables[20][6] = 1.1609
f_demand[20][6] = 6.0000
f_PV[20][6] = 0.2660
f_WT[20][6] = 0.8949
f_grid_export[20][6] = -0.0000
f_grid_import[20][6] = 2.9891
f_renewables[20][7] = 0.6300
f_demand[20][7] = 6.0000
f_PV[20][7] = 0.6300
f_WT[20][7] = -0.0000
f_grid_export[20][7] = -0.0000
f_grid_import[20][7] = 2.9700
f_renewables[20][8] = 0.1136
f_demand[20][8] = 6.0000
f_PV[20][8] = 0.0210
f_WT[20][8] = 0.0926
f_grid_export[20][8] = -0.0000
f_grid_import[20][8] = 4.0664
f_renewables[20][9] = 5.0000
f_demand[20][9] = 6.0000
f_PV[20][9] = -0.0000
f_WT[20][9] = 5.0000
f_grid_export[20][9] = 0.0000
f_grid_import[20][9] = 0.2900
f_renewables[20][10] = 4.1500
f_demand[20][10] = 6.0000
f_PV[20][10] = 0.1260
f_WT[20][10] = 5.0000
f_grid_export[20][10] = 0.9760
f_grid_import[20][10] = 0.0000
f_renewables[20][11] = 0.6558
f_demand[20][11] = 6.0000
f_PV[20][11] = 0.3080
f_WT[20][11] = 0.3478
f_grid_export[20][11] = -0.0000
f_grid_import[20][11] = 2.9442
f_renewables[20][12] = 1.8472
f_demand[20][12] = 6.0000
f_PV[20][12] = 0.0070
f_WT[20][12] = 1.8402
f_grid_export[20][12] = -0.0000
f_grid_import[20][12] = 2.3328
f_renewables[21][1] = 4.1654
f_demand[21][1] = 6.0000
f_PV[21][1] = -0.0000
f_WT[21][1] = 4.1654
f_grid_export[21][1] = 0.0000
f_grid_import[21][1] = 0.8446
f_renewables[21][2] = 3.8200
f_demand[21][2] = 6.0000
f_PV[21][2] = 0.0350
f_WT[21][2] = 5.0000
f_grid_export[21][2] = 1.2150
f_grid_import[21][2] = 0.0000
f_renewables[21][3] = 0.2055
f_demand[21][3] = 6.0000
f_PV[21][3] = 0.1400
f_WT[21][3] = 0.0655
f_grid_export[21][3] = -0.0000
f_grid_import[21][3] = 3.2145
f_renewables[21][4] = 0.3095
f_demand[21][4] = 6.0000
f_PV[21][4] = -0.0000
f_WT[21][4] = 0.3095
f_grid_export[21][4] = 0.0000
f_grid_import[21][4] = 3.4905
f_renewables[21][5] = 1.0509
f_demand[21][5] = 6.0000
f_PV[21][5] = -0.0000
f_WT[21][5] = 1.0509
f_grid_export[21][5] = 0.0000
f_grid_import[21][5] = 3.9591
f_renewables[21][6] = 1.7828
f_demand[21][6] = 6.0000
f_PV[21][6] = 0.0490
f_WT[21][6] = 1.7338
f_grid_export[21][6] = -0.0000
f_grid_import[21][6] = 2.0372
f_renewables[21][7] = 0.1890
f_demand[21][7] = 6.0000
f_PV[21][7] = 0.1890
f_WT[21][7] = -0.0000
f_grid_export[21][7] = -0.0000
f_grid_import[21][7] = 3.2310
f_renewables[21][8] = -0.0000
f_demand[21][8] = 6.0000
f_PV[21][8] = -0.0000
f_WT[21][8] = -0.0000
f_grid_export[21][8] = -0.0000
f_grid_import[21][8] = 3.8000
f_renewables[21][9] = 5.0000
f_demand[21][9] = 6.0000
f_PV[21][9] = -0.0000
f_WT[21][9] = 5.0000
f_grid_export[21][9] = 0.0000
f_grid_import[21][9] = 0.0100
f_renewables[21][10] = 3.8200
f_demand[21][10] = 6.0000
f_PV[21][10] = 0.0210
f_WT[21][10] = 5.0000
f_grid_export[21][10] = 1.2010
f_grid_import[21][10] = 0.0000
f_renewables[21][11] = 0.4388
f_demand[21][11] = 6.0000
f_PV[21][11] = 0.0910
f_WT[21][11] = 0.3478
f_grid_export[21][11] = -0.0000
f_grid_import[21][11] = 2.9812
f_renewables[21][12] = 0.9483
f_demand[21][12] = 6.0000
f_PV[21][12] = -0.0000
f_WT[21][12] = 0.9483
f_grid_export[21][12] = 0.0000
f_grid_import[21][12] = 2.8517
f_renewables[22][1] = 4.1654
f_demand[22][1] = 6.0000
f_PV[22][1] = -0.0000
f_WT[22][1] = 4.1654
f_grid_export[22][1] = 0.0000
f_grid_import[22][1] = 0.4946
f_renewables[22][2] = 3.4100
f_demand[22][2] = 6.0000
f_PV[22][2] = -0.0000
f_WT[22][2] = 5.0000
f_grid_export[22][2] = 1.5900
f_grid_import[22][2] = 0.0000
f_renewables[22][3] = 0.4135
f_demand[22][3] = 6.0000
f_PV[22][3] = 0.0140
f_WT[22][3] = 0.3995
f_grid_export[22][3] = -0.0000
f_grid_import[22][3] = 2.6165
f_renewables[22][4] = 0.3095
f_demand[22][4] = 6.0000
f_PV[22][4] = -0.0000
f_WT[22][4] = 0.3095
f_grid_export[22][4] = 0.0000
f_grid_import[22][4] = 3.0905
f_renewables[22][5] = 1.0509
f_demand[22][5] = 6.0000
f_PV[22][5] = -0.0000
f_WT[22][5] = 1.0509
f_grid_export[22][5] = 0.0000
f_grid_import[22][5] = 3.6091
f_renewables[22][6] = 1.7338
f_demand[22][6] = 6.0000
f_PV[22][6] = -0.0000
f_WT[22][6] = 1.7338
f_grid_export[22][6] = 0.0000
f_grid_import[22][6] = 1.6762
f_renewables[22][7] = 0.0381
f_demand[22][7] = 6.0000
f_PV[22][7] = 0.0210
f_WT[22][7] = 0.0171
f_grid_export[22][7] = -0.0000
f_grid_import[22][7] = 2.9919
f_renewables[22][8] = -0.0000
f_demand[22][8] = 6.0000
f_PV[22][8] = -0.0000
f_WT[22][8] = -0.0000
f_grid_export[22][8] = -0.0000
f_grid_import[22][8] = 3.4000
f_renewables[22][9] = 4.6600
f_demand[22][9] = 6.0000
f_PV[22][9] = -0.0000
f_WT[22][9] = 5.0000
f_grid_export[22][9] = 0.3400
f_grid_import[22][9] = 0.0000
f_renewables[22][10] = 3.4100
f_demand[22][10] = 6.0000
f_PV[22][10] = -0.0000
f_WT[22][10] = 5.0000
f_grid_export[22][10] = 1.5900
f_grid_import[22][10] = 0.0000
f_renewables[22][11] = 1.1720
f_demand[22][11] = 6.0000
f_PV[22][11] = 0.0070
f_WT[22][11] = 1.1650
f_grid_export[22][11] = -0.0000
f_grid_import[22][11] = 1.8580
f_renewables[22][12] = 0.9483
f_demand[22][12] = 6.0000
f_PV[22][12] = -0.0000
f_WT[22][12] = 0.9483
f_grid_export[22][12] = 0.0000
f_grid_import[22][12] = 2.4517
f_renewables[23][1] = 3.2783
f_demand[23][1] = 6.0000
f_PV[23][1] = -0.0000
f_WT[23][1] = 3.2783
f_grid_export[23][1] = 0.0000
f_grid_import[23][1] = 1.0117
f_renewables[23][2] = 3.0900
f_demand[23][2] = 6.0000
f_PV[23][2] = -0.0000
f_WT[23][2] = 5.0000
f_grid_export[23][2] = 1.9100
f_grid_import[23][2] = 0.0000
f_renewables[23][3] = 0.1486
f_demand[23][3] = 6.0000
f_PV[23][3] = -0.0000
f_WT[23][3] = 0.1486
f_grid_export[23][3] = 0.0000
f_grid_import[23][3] = 2.5914
f_renewables[23][4] = 0.3095
f_demand[23][4] = 6.0000
f_PV[23][4] = -0.0000
f_WT[23][4] = 0.3095
f_grid_export[23][4] = 0.0000
f_grid_import[23][4] = 2.7805
f_renewables[23][5] = 0.8099
f_demand[23][5] = 6.0000
f_PV[23][5] = -0.0000
f_WT[23][5] = 0.8099
f_grid_export[23][5] = 0.0000
f_grid_import[23][5] = 3.4801
f_renewables[23][6] = 2.1161
f_demand[23][6] = 6.0000
f_PV[23][6] = -0.0000
f_WT[23][6] = 2.1161
f_grid_export[23][6] = 0.0000
f_grid_import[23][6] = 0.9739
f_renewables[23][7] = -0.0000
f_demand[23][7] = 6.0000
f_PV[23][7] = -0.0000
f_WT[23][7] = -0.0000
f_grid_export[23][7] = -0.0000
f_grid_import[23][7] = 2.7400
f_renewables[23][8] = -0.0000
f_demand[23][8] = 6.0000
f_PV[23][8] = -0.0000
f_WT[23][8] = -0.0000
f_grid_export[23][8] = -0.0000
f_grid_import[23][8] = 3.0900
f_renewables[23][9] = 4.2900
f_demand[23][9] = 6.0000
f_PV[23][9] = -0.0000
f_WT[23][9] = 5.0000
f_grid_export[23][9] = 0.7100
f_grid_import[23][9] = 0.0000
f_renewables[23][10] = 3.0900
f_demand[23][10] = 6.0000
f_PV[23][10] = -0.0000
f_WT[23][10] = 5.0000
f_grid_export[23][10] = 1.9100
f_grid_import[23][10] = 0.0000
f_renewables[23][11] = 0.5529
f_demand[23][11] = 6.0000
f_PV[23][11] = -0.0000
f_WT[23][11] = 0.5529
f_grid_export[23][11] = 0.0000
f_grid_import[23][11] = 2.1871
f_renewables[23][12] = 0.9483
f_demand[23][12] = 6.0000
f_PV[23][12] = -0.0000
f_WT[23][12] = 0.9483
f_grid_export[23][12] = 0.0000
f_grid_import[23][12] = 2.1417
f_renewables[24][1] = 3.9400
f_demand[24][1] = 6.0000
f_PV[24][1] = -0.0000
f_WT[24][1] = 5.0000
f_grid_export[24][1] = 1.0600
f_grid_import[24][1] = 0.0000
f_renewables[24][2] = 3.1000
f_demand[24][2] = 6.0000
f_PV[24][2] = -0.0000
f_WT[24][2] = 5.0000
f_grid_export[24][2] = 1.9000
f_grid_import[24][2] = 0.0000
f_renewables[24][3] = 0.0655
f_demand[24][3] = 6.0000
f_PV[24][3] = -0.0000
f_WT[24][3] = 0.0655
f_grid_export[24][3] = 0.0000
f_grid_import[24][3] = 2.5545
f_renewables[24][4] = 1.2274
f_demand[24][4] = 6.0000
f_PV[24][4] = -0.0000
f_WT[24][4] = 1.2274
f_grid_export[24][4] = 0.0000
f_grid_import[24][4] = 1.8226
f_renewables[24][5] = 1.3413
f_demand[24][5] = 6.0000
f_PV[24][5] = -0.0000
f_WT[24][5] = 1.3413
f_grid_export[24][5] = 0.0000
f_grid_import[24][5] = 2.5987
f_renewables[24][6] = 1.7338
f_demand[24][6] = 6.0000
f_PV[24][6] = -0.0000
f_WT[24][6] = 1.7338
f_grid_export[24][6] = 0.0000
f_grid_import[24][6] = 1.3662
f_renewables[24][7] = -0.0000
f_demand[24][7] = 6.0000
f_PV[24][7] = -0.0000
f_WT[24][7] = -0.0000
f_grid_export[24][7] = -0.0000
f_grid_import[24][7] = 2.6200
f_renewables[24][8] = 0.2459
f_demand[24][8] = 6.0000
f_PV[24][8] = -0.0000
f_WT[24][8] = 0.2459
f_grid_export[24][8] = 0.0000
f_grid_import[24][8] = 2.8041
f_renewables[24][9] = 3.9400
f_demand[24][9] = 6.0000
f_PV[24][9] = -0.0000
f_WT[24][9] = 5.0000
f_grid_export[24][9] = 1.0600
f_grid_import[24][9] = 0.0000
f_renewables[24][10] = 3.1000
f_demand[24][10] = 6.0000
f_PV[24][10] = -0.0000
f_WT[24][10] = 5.0000
f_grid_export[24][10] = 1.9000
f_grid_import[24][10] = 0.0000
f_renewables[24][11] = 0.3478
f_demand[24][11] = 6.0000
f_PV[24][11] = -0.0000
f_WT[24][11] = 0.3478
f_grid_export[24][11] = 0.0000
f_grid_import[24][11] = 2.2722
f_renewables[24][12] = 3.0500
f_demand[24][12] = 6.0000
f_PV[24][12] = -0.0000
f_WT[24][12] = 3.2104
f_grid_export[24][12] = 0.1604
f_grid_import[24][12] = 0.0000
Z[0][0] = 35000.0000
Z[0][1] = 35000.0000
Z[0][2] = 35000.0000
Z[0][3] = 35000.0000
Z[0][4] = 35000.0000
Z[0][5] = 35000.0000
Z[0][6] = 35000.0000
Z[0][7] = 35000.0000
Z[0][8] = 35000.0000
Z[0][9] = 35000.0000
Z[0][10] = 35000.0000
Z[0][11] = 35000.0000
Z[1][0] = 5.0000
Z[1][1] = 5.0000
Z[1][2] = 5.0000
Z[1][3] = 5.0000
Z[1][4] = 5.0000
Z[1][5] = 5.0000
Z[1][6] = 5.0000
Z[1][7] = 5.0000
Z[1][8] = 5.0000
Z[1][9] = 5.0000
Z[1][10] = 5.0000
Z[1][11] = 5.0000

Final wall clock time = 2.04

